1261,all_crop/bird1261_2008_000095.jpg,0,1
1262,all_crop/bird1262_2008_000097.jpg,0,1
1263,all_crop/bird1263_2008_000103.jpg,0,1
1264,all_crop/bird1264_2008_000131.jpg,0,1
1265,all_crop/bird1265_2008_000192.jpg,0,1
1266,all_crop/bird1266_2008_000318.jpg,0,1
1267,all_crop/bird1267_2008_000350.jpg,0,1
1268,all_crop/bird1268_2008_000350.jpg,0,1
1269,all_crop/bird1269_2008_000361.jpg,0,1
1270,all_crop/bird1270_2008_000400.jpg,0,1
1271,all_crop/bird1271_2008_000512.jpg,0,1
1272,all_crop/bird1272_2008_000515.jpg,0,1
1273,all_crop/bird1273_2008_000515.jpg,0,1
1274,all_crop/bird1274_2008_000678.jpg,0,1
1275,all_crop/bird1275_2008_000785.jpg,0,1
1276,all_crop/bird1276_2008_000798.jpg,0,1
1277,all_crop/bird1277_2008_000798.jpg,0,1
1278,all_crop/bird1278_2008_000798.jpg,0,1
1279,all_crop/bird1279_2008_000832.jpg,0,1
1280,all_crop/bird1280_2008_000861.jpg,0,1
1281,all_crop/bird1281_2008_000861.jpg,0,1
1282,all_crop/bird1282_2008_001020.jpg,0,1
1283,all_crop/bird1283_2008_001161.jpg,0,1
1284,all_crop/bird1284_2008_001161.jpg,0,1
1285,all_crop/bird1285_2008_001351.jpg,0,1
1286,all_crop/bird1286_2008_001351.jpg,0,1
1287,all_crop/bird1287_2008_001387.jpg,0,1
1288,all_crop/bird1288_2008_001495.jpg,0,1
1289,all_crop/bird1289_2008_001673.jpg,0,1
1290,all_crop/bird1290_2008_001673.jpg,0,1
1291,all_crop/bird1291_2008_001679.jpg,0,1
1292,all_crop/bird1292_2008_001770.jpg,0,1
1293,all_crop/bird1293_2008_001829.jpg,0,1
1294,all_crop/bird1294_2008_001856.jpg,0,1
1295,all_crop/bird1295_2008_002064.jpg,0,1
1296,all_crop/bird1296_2008_002073.jpg,0,1
1297,all_crop/bird1297_2008_002150.jpg,0,1
1298,all_crop/bird1298_2008_002200.jpg,0,1
1299,all_crop/bird1299_2008_002208.jpg,0,1
1300,all_crop/bird1300_2008_002255.jpg,0,1
1301,all_crop/bird1301_2008_002350.jpg,0,1
1302,all_crop/bird1302_2008_002369.jpg,0,1
1303,all_crop/bird1303_2008_002389.jpg,0,1
1304,all_crop/bird1304_2008_002399.jpg,0,1
1305,all_crop/bird1305_2008_002471.jpg,0,1
1306,all_crop/bird1306_2008_002647.jpg,0,1
1307,all_crop/bird1307_2008_002784.jpg,0,1
1308,all_crop/bird1308_2008_002961.jpg,0,1
1309,all_crop/bird1309_2008_002961.jpg,0,1
1310,all_crop/bird1310_2008_002970.jpg,0,1
1311,all_crop/bird1311_2008_002983.jpg,0,1
1312,all_crop/bird1312_2008_003023.jpg,0,1
1313,all_crop/bird1313_2008_003049.jpg,0,1
1314,all_crop/bird1314_2008_003087.jpg,0,1
1315,all_crop/bird1315_2008_003160.jpg,0,1
1316,all_crop/bird1316_2008_003160.jpg,0,1
1317,all_crop/bird1317_2008_003160.jpg,0,1
1318,all_crop/bird1318_2008_003160.jpg,0,1
1319,all_crop/bird1319_2008_003160.jpg,0,1
1320,all_crop/bird1320_2008_003160.jpg,0,1
1321,all_crop/bird1321_2008_003360.jpg,0,1
1322,all_crop/bird1322_2008_003426.jpg,0,1
1323,all_crop/bird1323_2008_003462.jpg,0,1
1324,all_crop/bird1324_2008_003462.jpg,0,1
1325,all_crop/bird1325_2008_003485.jpg,0,1
1326,all_crop/bird1326_2008_003485.jpg,0,1
1327,all_crop/bird1327_2008_003485.jpg,0,1
1328,all_crop/bird1328_2008_003485.jpg,0,1
1329,all_crop/bird1329_2008_003485.jpg,0,1
1330,all_crop/bird1330_2008_003485.jpg,0,1
1331,all_crop/bird1331_2008_003485.jpg,0,1
1332,all_crop/bird1332_2008_003831.jpg,0,1
1333,all_crop/bird1333_2008_003942.jpg,0,1
1334,all_crop/bird1334_2008_004024.jpg,0,1
1335,all_crop/bird1335_2008_004042.jpg,0,1
1336,all_crop/bird1336_2008_004087.jpg,0,1
1337,all_crop/bird1337_2008_004087.jpg,0,1
1338,all_crop/bird1338_2008_004087.jpg,0,1
1339,all_crop/bird1339_2008_004087.jpg,0,1
1340,all_crop/bird1340_2008_004087.jpg,0,1
1341,all_crop/bird1341_2008_004147.jpg,0,1
1342,all_crop/bird1342_2008_004276.jpg,0,1
1343,all_crop/bird1343_2008_004296.jpg,0,1
1344,all_crop/bird1344_2008_004362.jpg,0,1
1345,all_crop/bird1345_2008_004385.jpg,0,1
1346,all_crop/bird1346_2008_004452.jpg,0,1
1347,all_crop/bird1347_2008_004551.jpg,0,1
1348,all_crop/bird1348_2008_004620.jpg,0,1
1349,all_crop/bird1349_2008_004671.jpg,0,1
1350,all_crop/bird1350_2008_004690.jpg,0,1
1351,all_crop/bird1351_2008_004690.jpg,0,1
1352,all_crop/bird1352_2008_004808.jpg,0,1
1353,all_crop/bird1353_2008_004808.jpg,0,1
1354,all_crop/bird1354_2008_004893.jpg,0,1
1355,all_crop/bird1355_2008_004973.jpg,0,1
1356,all_crop/bird1356_2008_005080.jpg,0,1
1357,all_crop/bird1357_2008_005080.jpg,0,1
1358,all_crop/bird1358_2008_005115.jpg,0,1
1359,all_crop/bird1359_2008_005186.jpg,0,1
1360,all_crop/bird1360_2008_005209.jpg,0,1
1361,all_crop/bird1361_2008_005209.jpg,0,1
1362,all_crop/bird1362_2008_005279.jpg,0,1
1363,all_crop/bird1363_2008_005296.jpg,0,1
1364,all_crop/bird1364_2008_005296.jpg,0,1
1365,all_crop/bird1365_2008_005303.jpg,0,1
1366,all_crop/bird1366_2008_005357.jpg,0,1
1367,all_crop/bird1367_2008_005400.jpg,0,1
1368,all_crop/bird1368_2008_005465.jpg,0,1
1369,all_crop/bird1369_2008_005477.jpg,0,1
1370,all_crop/bird1370_2008_005507.jpg,0,1
1371,all_crop/bird1371_2008_005521.jpg,0,1
1372,all_crop/bird1372_2008_005521.jpg,0,1
1373,all_crop/bird1373_2008_005521.jpg,0,1
1374,all_crop/bird1374_2008_005521.jpg,0,1
1375,all_crop/bird1375_2008_005521.jpg,0,1
1376,all_crop/bird1376_2008_005521.jpg,0,1
1377,all_crop/bird1377_2008_005531.jpg,0,1
1378,all_crop/bird1378_2008_005584.jpg,0,1
1379,all_crop/bird1379_2008_005618.jpg,0,1
1380,all_crop/bird1380_2008_005626.jpg,0,1
1381,all_crop/bird1381_2008_005626.jpg,0,1
1382,all_crop/bird1382_2008_005626.jpg,0,1
1383,all_crop/bird1383_2008_005626.jpg,0,1
1384,all_crop/bird1384_2008_005626.jpg,0,1
1385,all_crop/bird1385_2008_005724.jpg,0,1
1386,all_crop/bird1386_2008_005724.jpg,0,1
1387,all_crop/bird1387_2008_005757.jpg,0,1
1388,all_crop/bird1388_2008_005803.jpg,0,1
1389,all_crop/bird1389_2008_005810.jpg,0,1
1390,all_crop/bird1390_2008_005843.jpg,0,1
1391,all_crop/bird1391_2008_005903.jpg,0,1
1392,all_crop/bird1392_2008_005935.jpg,0,1
1393,all_crop/bird1393_2008_005956.jpg,0,1
1394,all_crop/bird1394_2008_005997.jpg,0,1
1395,all_crop/bird1395_2008_006000.jpg,0,1
1396,all_crop/bird1396_2008_006000.jpg,0,1
1397,all_crop/bird1397_2008_006000.jpg,0,1
1398,all_crop/bird1398_2008_006090.jpg,0,1
1399,all_crop/bird1399_2008_006128.jpg,0,1
1400,all_crop/bird1400_2008_006164.jpg,0,1
1401,all_crop/bird1401_2008_006186.jpg,0,1
1402,all_crop/bird1402_2008_006281.jpg,0,1
1403,all_crop/bird1403_2008_006369.jpg,0,1
1404,all_crop/bird1404_2008_006376.jpg,0,1
1405,all_crop/bird1405_2008_006376.jpg,0,1
1406,all_crop/bird1406_2008_006419.jpg,0,1
1407,all_crop/bird1407_2008_006432.jpg,0,1
1408,all_crop/bird1408_2008_006447.jpg,0,1
1409,all_crop/bird1409_2008_006461.jpg,0,1
1410,all_crop/bird1410_2008_006566.jpg,0,1
1411,all_crop/bird1411_2008_006598.jpg,0,1
1412,all_crop/bird1412_2008_006598.jpg,0,1
1413,all_crop/bird1413_2008_006626.jpg,0,1
1414,all_crop/bird1414_2008_006667.jpg,0,1
1415,all_crop/bird1415_2008_006715.jpg,0,1
1416,all_crop/bird1416_2008_006764.jpg,0,1
1417,all_crop/bird1417_2008_006802.jpg,0,1
1418,all_crop/bird1418_2008_006873.jpg,0,1
1419,all_crop/bird1419_2008_006882.jpg,0,1
1420,all_crop/bird1420_2008_006923.jpg,0,1
1421,all_crop/bird1421_2008_006923.jpg,0,1
1422,all_crop/bird1422_2008_006954.jpg,0,1
1423,all_crop/bird1423_2008_007003.jpg,0,1
1424,all_crop/bird1424_2008_007098.jpg,0,1
1425,all_crop/bird1425_2008_007124.jpg,0,1
1426,all_crop/bird1426_2008_007205.jpg,0,1
1427,all_crop/bird1427_2008_007205.jpg,0,1
1428,all_crop/bird1428_2008_007205.jpg,0,1
1429,all_crop/bird1429_2008_007205.jpg,0,1
1430,all_crop/bird1430_2008_007423.jpg,0,1
1431,all_crop/bird1431_2008_007465.jpg,0,1
1432,all_crop/bird1432_2008_007477.jpg,0,1
1433,all_crop/bird1433_2008_007486.jpg,0,1
1434,all_crop/bird1434_2008_007546.jpg,0,1
1435,all_crop/bird1435_2008_007593.jpg,0,1
1436,all_crop/bird1436_2008_007608.jpg,0,1
1437,all_crop/bird1437_2008_007608.jpg,0,1
1438,all_crop/bird1438_2008_007608.jpg,0,1
1439,all_crop/bird1439_2008_007608.jpg,0,1
1440,all_crop/bird1440_2008_007608.jpg,0,1
1441,all_crop/bird1441_2008_007608.jpg,0,1
1442,all_crop/bird1442_2008_007709.jpg,0,1
1443,all_crop/bird1443_2008_007730.jpg,0,1
1444,all_crop/bird1444_2008_007752.jpg,0,1
1445,all_crop/bird1445_2008_007788.jpg,0,1
1446,all_crop/bird1446_2008_007812.jpg,0,1
1447,all_crop/bird1447_2008_007817.jpg,0,1
1448,all_crop/bird1448_2008_007848.jpg,0,1
1449,all_crop/bird1449_2008_007870.jpg,0,1
1450,all_crop/bird1450_2008_007891.jpg,0,1
1451,all_crop/bird1451_2008_007940.jpg,0,1
1452,all_crop/bird1452_2008_008002.jpg,0,1
1453,all_crop/bird1453_2008_008002.jpg,0,1
1454,all_crop/bird1454_2008_008007.jpg,0,1
1455,all_crop/bird1455_2008_008037.jpg,0,1
1456,all_crop/bird1456_2008_008073.jpg,0,1
1457,all_crop/bird1457_2008_008073.jpg,0,1
1458,all_crop/bird1458_2008_008125.jpg,0,1
1459,all_crop/bird1459_2008_008125.jpg,0,1
1460,all_crop/bird1460_2008_008166.jpg,0,1
1461,all_crop/bird1461_2008_008194.jpg,0,1
1462,all_crop/bird1462_2008_008197.jpg,0,1
1463,all_crop/bird1463_2008_008211.jpg,0,1
1464,all_crop/bird1464_2008_008242.jpg,0,1
1465,all_crop/bird1465_2008_008274.jpg,0,1
1466,all_crop/bird1466_2008_008287.jpg,0,1
1467,all_crop/bird1467_2008_008309.jpg,0,1
1468,all_crop/bird1468_2008_008309.jpg,0,1
1469,all_crop/bird1469_2008_008347.jpg,0,1
1470,all_crop/bird1470_2008_008347.jpg,0,1
1471,all_crop/bird1471_2008_008347.jpg,0,1
1472,all_crop/bird1472_2008_008347.jpg,0,1
1473,all_crop/bird1473_2008_008347.jpg,0,1
1474,all_crop/bird1474_2008_008384.jpg,0,1
1475,all_crop/bird1475_2008_008404.jpg,0,1
1476,all_crop/bird1476_2008_008423.jpg,0,1
1477,all_crop/bird1477_2008_008447.jpg,0,1
1478,all_crop/bird1478_2008_008447.jpg,0,1
1479,all_crop/bird1479_2008_008455.jpg,0,1
1480,all_crop/bird1480_2008_008490.jpg,0,1
1481,all_crop/bird1481_2008_008490.jpg,0,1
1482,all_crop/bird1482_2008_008523.jpg,0,1
1483,all_crop/bird1483_2008_008544.jpg,0,1
1484,all_crop/bird1484_2009_000040.jpg,0,1
1485,all_crop/bird1485_2009_000103.jpg,0,1
1486,all_crop/bird1486_2009_000151.jpg,0,1
1487,all_crop/bird1487_2009_000218.jpg,0,1
1488,all_crop/bird1488_2009_000218.jpg,0,1
1489,all_crop/bird1489_2009_000229.jpg,0,1
1490,all_crop/bird1490_2009_000317.jpg,0,1
1491,all_crop/bird1491_2009_000393.jpg,0,1
1492,all_crop/bird1492_2009_000454.jpg,0,1
1493,all_crop/bird1493_2009_000503.jpg,0,1
1494,all_crop/bird1494_2009_000527.jpg,0,1
1495,all_crop/bird1495_2009_000579.jpg,0,1
1496,all_crop/bird1496_2009_000579.jpg,0,1
1497,all_crop/bird1497_2009_000579.jpg,0,1
1498,all_crop/bird1498_2009_000579.jpg,0,1
1499,all_crop/bird1499_2009_000692.jpg,0,1
1500,all_crop/bird1500_2009_000746.jpg,0,1
1501,all_crop/bird1501_2009_000790.jpg,0,1
1502,all_crop/bird1502_2009_000849.jpg,0,1
1503,all_crop/bird1503_2009_000930.jpg,0,1
1504,all_crop/bird1504_2009_000932.jpg,0,1
1505,all_crop/bird1505_2009_000938.jpg,0,1
1506,all_crop/bird1506_2009_000961.jpg,0,1
1507,all_crop/bird1507_2009_000961.jpg,0,1
1508,all_crop/bird1508_2009_001040.jpg,0,1
1509,all_crop/bird1509_2009_001208.jpg,0,1
1510,all_crop/bird1510_2009_001221.jpg,0,1
1511,all_crop/bird1511_2009_001221.jpg,0,1
1512,all_crop/bird1512_2009_001264.jpg,0,1
1513,all_crop/bird1513_2009_001283.jpg,0,1
1514,all_crop/bird1514_2009_001283.jpg,0,1
1515,all_crop/bird1515_2009_001283.jpg,0,1
1516,all_crop/bird1516_2009_001301.jpg,0,1
1517,all_crop/bird1517_2009_001311.jpg,0,1
1518,all_crop/bird1518_2009_001360.jpg,0,1
1519,all_crop/bird1519_2009_001375.jpg,0,1
1520,all_crop/bird1520_2009_001375.jpg,0,1
1521,all_crop/bird1521_2009_001385.jpg,0,1
1522,all_crop/bird1522_2009_001385.jpg,0,1
1523,all_crop/bird1523_2009_001385.jpg,0,1
1524,all_crop/bird1524_2009_001385.jpg,0,1
1525,all_crop/bird1525_2009_001385.jpg,0,1
1526,all_crop/bird1526_2009_001422.jpg,0,1
1527,all_crop/bird1527_2009_001453.jpg,0,1
1528,all_crop/bird1528_2009_001453.jpg,0,1
1529,all_crop/bird1529_2009_001453.jpg,0,1
1530,all_crop/bird1530_2009_001466.jpg,0,1
1531,all_crop/bird1531_2009_001570.jpg,0,1
1532,all_crop/bird1532_2009_001660.jpg,0,1
1533,all_crop/bird1533_2009_001693.jpg,0,1
1534,all_crop/bird1534_2009_001751.jpg,0,1
1535,all_crop/bird1535_2009_001801.jpg,0,1
1536,all_crop/bird1536_2009_001807.jpg,0,1
1537,all_crop/bird1537_2009_001972.jpg,0,1
1538,all_crop/bird1538_2009_001999.jpg,0,1
1539,all_crop/bird1539_2009_001999.jpg,0,1
1540,all_crop/bird1540_2009_002072.jpg,0,1
1541,all_crop/bird1541_2009_002086.jpg,0,1
1542,all_crop/bird1542_2009_002153.jpg,0,1
1543,all_crop/bird1543_2009_002153.jpg,0,1
1544,all_crop/bird1544_2009_002153.jpg,0,1
1545,all_crop/bird1545_2009_002153.jpg,0,1
1546,all_crop/bird1546_2009_002256.jpg,0,1
1547,all_crop/bird1547_2009_002262.jpg,0,1
1548,all_crop/bird1548_2009_002264.jpg,0,1
1549,all_crop/bird1549_2009_002298.jpg,0,1
1550,all_crop/bird1550_2009_002423.jpg,0,1
1551,all_crop/bird1551_2009_002431.jpg,0,1
1552,all_crop/bird1552_2009_002536.jpg,0,1
1553,all_crop/bird1553_2009_002559.jpg,0,1
1554,all_crop/bird1554_2009_002629.jpg,0,1
1555,all_crop/bird1555_2009_002685.jpg,0,1
1556,all_crop/bird1556_2009_002791.jpg,0,1
1557,all_crop/bird1557_2009_002799.jpg,0,1
1558,all_crop/bird1558_2009_002799.jpg,0,1
1559,all_crop/bird1559_2009_002799.jpg,0,1
1560,all_crop/bird1560_2009_002799.jpg,0,1
1561,all_crop/bird1561_2009_002799.jpg,0,1
1562,all_crop/bird1562_2009_002799.jpg,0,1
1563,all_crop/bird1563_2009_002820.jpg,0,1
1564,all_crop/bird1564_2009_002831.jpg,0,1
1565,all_crop/bird1565_2009_002890.jpg,0,1
1566,all_crop/bird1566_2009_002937.jpg,0,1
1567,all_crop/bird1567_2009_003002.jpg,0,1
1568,all_crop/bird1568_2009_003088.jpg,0,1
1569,all_crop/bird1569_2009_003109.jpg,0,1
1570,all_crop/bird1570_2009_003168.jpg,0,1
1571,all_crop/bird1571_2009_003257.jpg,0,1
1572,all_crop/bird1572_2009_003285.jpg,0,1
1573,all_crop/bird1573_2009_003531.jpg,0,1
1574,all_crop/bird1574_2009_003685.jpg,0,1
1575,all_crop/bird1575_2009_003837.jpg,0,1
1576,all_crop/bird1576_2009_003912.jpg,0,1
1577,all_crop/bird1577_2009_003922.jpg,0,1
1578,all_crop/bird1578_2009_003993.jpg,0,1
1579,all_crop/bird1579_2009_004023.jpg,0,1
1580,all_crop/bird1580_2009_004103.jpg,0,1
1581,all_crop/bird1581_2009_004174.jpg,0,1
1582,all_crop/bird1582_2009_004174.jpg,0,1
1583,all_crop/bird1583_2009_004174.jpg,0,1
1584,all_crop/bird1584_2009_004174.jpg,0,1
1585,all_crop/bird1585_2009_004315.jpg,0,1
1586,all_crop/bird1586_2009_004334.jpg,0,1
1587,all_crop/bird1587_2009_004375.jpg,0,1
1588,all_crop/bird1588_2009_004565.jpg,0,1
1589,all_crop/bird1589_2009_004652.jpg,0,1
1590,all_crop/bird1590_2009_004661.jpg,0,1
1591,all_crop/bird1591_2009_004661.jpg,0,1
1592,all_crop/bird1592_2009_004723.jpg,0,1
1593,all_crop/bird1593_2009_004817.jpg,0,1
1594,all_crop/bird1594_2009_004898.jpg,0,1
1595,all_crop/bird1595_2009_004959.jpg,0,1
1596,all_crop/bird1596_2009_004959.jpg,0,1
1597,all_crop/bird1597_2009_005040.jpg,0,1
1598,all_crop/bird1598_2009_005076.jpg,0,1
1599,all_crop/bird1599_2009_005076.jpg,0,1
1600,all_crop/bird1600_2009_005131.jpg,0,1
1601,all_crop/bird1601_2009_005191.jpg,0,1
1602,all_crop/bird1602_2009_005198.jpg,0,1
1603,all_crop/bird1603_2009_005234.jpg,0,1
1604,all_crop/bird1604_2009_005282.jpg,0,1
1605,all_crop/bird1605_2010_000023.jpg,0,1
1606,all_crop/bird1606_2010_000075.jpg,0,1
1607,all_crop/bird1607_2010_000103.jpg,0,1
1608,all_crop/bird1608_2010_000169.jpg,0,1
1609,all_crop/bird1609_2010_000222.jpg,0,1
1610,all_crop/bird1610_2010_000299.jpg,0,1
1611,all_crop/bird1611_2010_000393.jpg,0,1
1612,all_crop/bird1612_2010_000393.jpg,0,1
1613,all_crop/bird1613_2010_000459.jpg,0,1
1614,all_crop/bird1614_2010_000707.jpg,0,1
1615,all_crop/bird1615_2010_000810.jpg,0,1
1616,all_crop/bird1616_2010_000863.jpg,0,1
1617,all_crop/bird1617_2010_000994.jpg,0,1
1618,all_crop/bird1618_2010_001120.jpg,0,1
1619,all_crop/bird1619_2010_001159.jpg,0,1
1620,all_crop/bird1620_2010_001372.jpg,0,1
1621,all_crop/bird1621_2010_001433.jpg,0,1
1622,all_crop/bird1622_2010_001433.jpg,0,1
1623,all_crop/bird1623_2010_001481.jpg,0,1
1624,all_crop/bird1624_2010_001569.jpg,0,1
1625,all_crop/bird1625_2010_001599.jpg,0,1
1626,all_crop/bird1626_2010_001599.jpg,0,1
1627,all_crop/bird1627_2010_001599.jpg,0,1
1628,all_crop/bird1628_2010_001603.jpg,0,1
1629,all_crop/bird1629_2010_001715.jpg,0,1
1630,all_crop/bird1630_2010_001784.jpg,0,1
1631,all_crop/bird1631_2010_001784.jpg,0,1
1632,all_crop/bird1632_2010_001806.jpg,0,1
1633,all_crop/bird1633_2010_001919.jpg,0,1
1634,all_crop/bird1634_2010_001974.jpg,0,1
1635,all_crop/bird1635_2010_002023.jpg,0,1
1636,all_crop/bird1636_2010_002242.jpg,0,1
1637,all_crop/bird1637_2010_002242.jpg,0,1
1638,all_crop/bird1638_2010_002267.jpg,0,1
1639,all_crop/bird1639_2010_002374.jpg,0,1
1640,all_crop/bird1640_2010_002374.jpg,0,1
1641,all_crop/bird1641_2010_002439.jpg,0,1
1642,all_crop/bird1642_2010_002614.jpg,0,1
1643,all_crop/bird1643_2010_002688.jpg,0,1
1644,all_crop/bird1644_2010_002752.jpg,0,1
1645,all_crop/bird1645_2010_002839.jpg,0,1
1646,all_crop/bird1646_2010_002935.jpg,0,1
1647,all_crop/bird1647_2010_002955.jpg,0,1
1648,all_crop/bird1648_2010_003044.jpg,0,1
1649,all_crop/bird1649_2010_003097.jpg,0,1
1650,all_crop/bird1650_2010_003119.jpg,0,1
1651,all_crop/bird1651_2010_003255.jpg,0,1
1652,all_crop/bird1652_2010_003344.jpg,0,1
1653,all_crop/bird1653_2010_003344.jpg,0,1
1654,all_crop/bird1654_2010_003344.jpg,0,1
1655,all_crop/bird1655_2010_003395.jpg,0,1
1656,all_crop/bird1656_2010_003526.jpg,0,1
1657,all_crop/bird1657_2010_003546.jpg,0,1
1658,all_crop/bird1658_2010_003549.jpg,0,1
1659,all_crop/bird1659_2010_003648.jpg,0,1
1660,all_crop/bird1660_2010_003743.jpg,0,1
1661,all_crop/bird1661_2010_003929.jpg,0,1
1662,all_crop/bird1662_2010_004071.jpg,0,1
1663,all_crop/bird1663_2010_004123.jpg,0,1
1664,all_crop/bird1664_2010_004252.jpg,0,1
1665,all_crop/bird1665_2010_004385.jpg,0,1
1666,all_crop/bird1666_2010_004451.jpg,0,1
1667,all_crop/bird1667_2010_004521.jpg,0,1
1668,all_crop/bird1668_2010_004657.jpg,0,1
1669,all_crop/bird1669_2010_004777.jpg,0,1
1670,all_crop/bird1670_2010_004777.jpg,0,1
1671,all_crop/bird1671_2010_004847.jpg,0,1
1672,all_crop/bird1672_2010_004948.jpg,0,1
1673,all_crop/bird1673_2010_004953.jpg,0,1
1674,all_crop/bird1674_2010_004960.jpg,0,1
1675,all_crop/bird1675_2010_005016.jpg,0,1
1676,all_crop/bird1676_2010_005028.jpg,0,1
1677,all_crop/bird1677_2010_005068.jpg,0,1
1678,all_crop/bird1678_2010_005129.jpg,0,1
1679,all_crop/bird1679_2010_005217.jpg,0,1
1680,all_crop/bird1680_2010_005320.jpg,0,1
1681,all_crop/bird1681_2010_005350.jpg,0,1
1682,all_crop/bird1682_2010_005350.jpg,0,1
1683,all_crop/bird1683_2010_005350.jpg,0,1
1684,all_crop/bird1684_2010_005426.jpg,0,1
1685,all_crop/bird1685_2010_005498.jpg,0,1
1686,all_crop/bird1686_2010_005511.jpg,0,1
1687,all_crop/bird1687_2010_005511.jpg,0,1
1688,all_crop/bird1688_2010_005511.jpg,0,1
1689,all_crop/bird1689_2010_005511.jpg,0,1
1690,all_crop/bird1690_2010_005603.jpg,0,1
1691,all_crop/bird1691_2010_005608.jpg,0,1
1692,all_crop/bird1692_2010_005608.jpg,0,1
1693,all_crop/bird1693_2010_005608.jpg,0,1
1694,all_crop/bird1694_2010_005608.jpg,0,1
1695,all_crop/bird1695_2010_005725.jpg,0,1
1696,all_crop/bird1696_2010_005960.jpg,0,1
1697,all_crop/bird1697_2010_005968.jpg,0,1
1698,all_crop/bird1698_2008_000054.jpg,0,0
1699,all_crop/bird1699_2008_000123.jpg,0,0
1700,all_crop/bird1700_2008_000134.jpg,0,0
1701,all_crop/bird1701_2008_000134.jpg,0,0
1702,all_crop/bird1702_2008_000339.jpg,0,0
1703,all_crop/bird1703_2008_000339.jpg,0,0
1704,all_crop/bird1704_2008_000339.jpg,0,0
1705,all_crop/bird1705_2008_000472.jpg,0,0
1706,all_crop/bird1706_2008_000532.jpg,0,0
1707,all_crop/bird1707_2008_000533.jpg,0,0
1708,all_crop/bird1708_2008_000697.jpg,0,0
1709,all_crop/bird1709_2008_000848.jpg,0,0
1710,all_crop/bird1710_2008_000960.jpg,0,0
1711,all_crop/bird1711_2008_000960.jpg,0,0
1712,all_crop/bird1712_2008_001120.jpg,0,0
1713,all_crop/bird1713_2008_001185.jpg,0,0
1714,all_crop/bird1714_2008_001194.jpg,0,0
1715,all_crop/bird1715_2008_001264.jpg,0,0
1716,all_crop/bird1716_2008_001415.jpg,0,0
1717,all_crop/bird1717_2008_001415.jpg,0,0
1718,all_crop/bird1718_2008_001514.jpg,0,0
1719,all_crop/bird1719_2008_001522.jpg,0,0
1720,all_crop/bird1720_2008_001522.jpg,0,0
1721,all_crop/bird1721_2008_001522.jpg,0,0
1722,all_crop/bird1722_2008_001522.jpg,0,0
1723,all_crop/bird1723_2008_001810.jpg,0,0
1724,all_crop/bird1724_2008_001966.jpg,0,0
1725,all_crop/bird1725_2008_002043.jpg,0,0
1726,all_crop/bird1726_2008_002207.jpg,0,0
1727,all_crop/bird1727_2008_002349.jpg,0,0
1728,all_crop/bird1728_2008_002349.jpg,0,0
1729,all_crop/bird1729_2008_002349.jpg,0,0
1730,all_crop/bird1730_2008_002349.jpg,0,0
1731,all_crop/bird1731_2008_002429.jpg,0,0
1732,all_crop/bird1732_2008_002624.jpg,0,0
1733,all_crop/bird1733_2008_002684.jpg,0,0
1734,all_crop/bird1734_2008_002847.jpg,0,0
1735,all_crop/bird1735_2008_002847.jpg,0,0
1736,all_crop/bird1736_2008_002847.jpg,0,0
1737,all_crop/bird1737_2008_002847.jpg,0,0
1738,all_crop/bird1738_2008_002847.jpg,0,0
1739,all_crop/bird1739_2008_002847.jpg,0,0
1740,all_crop/bird1740_2008_002847.jpg,0,0
1741,all_crop/bird1741_2008_003106.jpg,0,0
1742,all_crop/bird1742_2008_003106.jpg,0,0
1743,all_crop/bird1743_2008_003106.jpg,0,0
1744,all_crop/bird1744_2008_003110.jpg,0,0
1745,all_crop/bird1745_2008_003110.jpg,0,0
1746,all_crop/bird1746_2008_003110.jpg,0,0
1747,all_crop/bird1747_2008_003161.jpg,0,0
1748,all_crop/bird1748_2008_003170.jpg,0,0
1749,all_crop/bird1749_2008_003211.jpg,0,0
1750,all_crop/bird1750_2008_003222.jpg,0,0
1751,all_crop/bird1751_2008_003232.jpg,0,0
1752,all_crop/bird1752_2008_003291.jpg,0,0
1753,all_crop/bird1753_2008_003382.jpg,0,0
1754,all_crop/bird1754_2008_003439.jpg,0,0
1755,all_crop/bird1755_2008_003484.jpg,0,0
1756,all_crop/bird1756_2008_003484.jpg,0,0
1757,all_crop/bird1757_2008_003524.jpg,0,0
1758,all_crop/bird1758_2008_003580.jpg,0,0
1759,all_crop/bird1759_2008_003580.jpg,0,0
1760,all_crop/bird1760_2008_003580.jpg,0,0
1761,all_crop/bird1761_2008_003580.jpg,0,0
1762,all_crop/bird1762_2008_003683.jpg,0,0
1763,all_crop/bird1763_2008_003694.jpg,0,0
1764,all_crop/bird1764_2008_003694.jpg,0,0
1765,all_crop/bird1765_2008_003763.jpg,0,0
1766,all_crop/bird1766_2008_003789.jpg,0,0
1767,all_crop/bird1767_2008_003789.jpg,0,0
1768,all_crop/bird1768_2008_003894.jpg,0,0
1769,all_crop/bird1769_2008_003997.jpg,0,0
1770,all_crop/bird1770_2008_004027.jpg,0,0
1771,all_crop/bird1771_2008_004075.jpg,0,0
1772,all_crop/bird1772_2008_004103.jpg,0,0
1773,all_crop/bird1773_2008_004103.jpg,0,0
1774,all_crop/bird1774_2008_004103.jpg,0,0
1775,all_crop/bird1775_2008_004103.jpg,0,0
1776,all_crop/bird1776_2008_004105.jpg,0,0
1777,all_crop/bird1777_2008_004234.jpg,0,0
1778,all_crop/bird1778_2008_004317.jpg,0,0
1779,all_crop/bird1779_2008_004384.jpg,0,0
1780,all_crop/bird1780_2008_004425.jpg,0,0
1781,all_crop/bird1781_2008_004520.jpg,0,0
1782,all_crop/bird1782_2008_004589.jpg,0,0
1783,all_crop/bird1783_2008_004633.jpg,0,0
1784,all_crop/bird1784_2008_004689.jpg,0,0
1785,all_crop/bird1785_2008_004730.jpg,0,0
1786,all_crop/bird1786_2008_004742.jpg,0,0
1787,all_crop/bird1787_2008_004805.jpg,0,0
1788,all_crop/bird1788_2008_004825.jpg,0,0
1789,all_crop/bird1789_2008_004837.jpg,0,0
1790,all_crop/bird1790_2008_004942.jpg,0,0
1791,all_crop/bird1791_2008_004942.jpg,0,0
1792,all_crop/bird1792_2008_005092.jpg,0,0
1793,all_crop/bird1793_2008_005096.jpg,0,0
1794,all_crop/bird1794_2008_005182.jpg,0,0
1795,all_crop/bird1795_2008_005233.jpg,0,0
1796,all_crop/bird1796_2008_005260.jpg,0,0
1797,all_crop/bird1797_2008_005260.jpg,0,0
1798,all_crop/bird1798_2008_005260.jpg,0,0
1799,all_crop/bird1799_2008_005260.jpg,0,0
1800,all_crop/bird1800_2008_005260.jpg,0,0
1801,all_crop/bird1801_2008_005260.jpg,0,0
1802,all_crop/bird1802_2008_005260.jpg,0,0
1803,all_crop/bird1803_2008_005260.jpg,0,0
1804,all_crop/bird1804_2008_005260.jpg,0,0
1805,all_crop/bird1805_2008_005260.jpg,0,0
1806,all_crop/bird1806_2008_005260.jpg,0,0
1807,all_crop/bird1807_2008_005522.jpg,0,0
1808,all_crop/bird1808_2008_005522.jpg,0,0
1809,all_crop/bird1809_2008_005522.jpg,0,0
1810,all_crop/bird1810_2008_005534.jpg,0,0
1811,all_crop/bird1811_2008_005534.jpg,0,0
1812,all_crop/bird1812_2008_005601.jpg,0,0
1813,all_crop/bird1813_2008_005601.jpg,0,0
1814,all_crop/bird1814_2008_005649.jpg,0,0
1815,all_crop/bird1815_2008_005687.jpg,0,0
1816,all_crop/bird1816_2008_005687.jpg,0,0
1817,all_crop/bird1817_2008_005687.jpg,0,0
1818,all_crop/bird1818_2008_005687.jpg,0,0
1819,all_crop/bird1819_2008_005734.jpg,0,0
1820,all_crop/bird1820_2008_005734.jpg,0,0
1821,all_crop/bird1821_2008_005774.jpg,0,0
1822,all_crop/bird1822_2008_005774.jpg,0,0
1823,all_crop/bird1823_2008_005821.jpg,0,0
1824,all_crop/bird1824_2008_005895.jpg,0,0
1825,all_crop/bird1825_2008_005924.jpg,0,0
1826,all_crop/bird1826_2008_005924.jpg,0,0
1827,all_crop/bird1827_2008_005924.jpg,0,0
1828,all_crop/bird1828_2008_006002.jpg,0,0
1829,all_crop/bird1829_2008_006002.jpg,0,0
1830,all_crop/bird1830_2008_006058.jpg,0,0
1831,all_crop/bird1831_2008_006058.jpg,0,0
1832,all_crop/bird1832_2008_006143.jpg,0,0
1833,all_crop/bird1833_2008_006179.jpg,0,0
1834,all_crop/bird1834_2008_006227.jpg,0,0
1835,all_crop/bird1835_2008_006227.jpg,0,0
1836,all_crop/bird1836_2008_006227.jpg,0,0
1837,all_crop/bird1837_2008_006227.jpg,0,0
1838,all_crop/bird1838_2008_006227.jpg,0,0
1839,all_crop/bird1839_2008_006227.jpg,0,0
1840,all_crop/bird1840_2008_006924.jpg,0,0
1841,all_crop/bird1841_2008_006997.jpg,0,0
1842,all_crop/bird1842_2008_006997.jpg,0,0
1843,all_crop/bird1843_2008_007120.jpg,0,0
1844,all_crop/bird1844_2008_007188.jpg,0,0
1845,all_crop/bird1845_2008_007250.jpg,0,0
1846,all_crop/bird1846_2008_007250.jpg,0,0
1847,all_crop/bird1847_2008_007266.jpg,0,0
1848,all_crop/bird1848_2008_007317.jpg,0,0
1849,all_crop/bird1849_2008_007434.jpg,0,0
1850,all_crop/bird1850_2008_007434.jpg,0,0
1851,all_crop/bird1851_2008_007498.jpg,0,0
1852,all_crop/bird1852_2008_007501.jpg,0,0
1853,all_crop/bird1853_2008_007587.jpg,0,0
1854,all_crop/bird1854_2008_007594.jpg,0,0
1855,all_crop/bird1855_2008_007594.jpg,0,0
1856,all_crop/bird1856_2008_007623.jpg,0,0
1857,all_crop/bird1857_2008_007656.jpg,0,0
1858,all_crop/bird1858_2008_007669.jpg,0,0
1859,all_crop/bird1859_2008_007673.jpg,0,0
1860,all_crop/bird1860_2008_007688.jpg,0,0
1861,all_crop/bird1861_2008_007714.jpg,0,0
1862,all_crop/bird1862_2008_007839.jpg,0,0
1863,all_crop/bird1863_2008_007854.jpg,0,0
1864,all_crop/bird1864_2008_007854.jpg,0,0
1865,all_crop/bird1865_2008_007936.jpg,0,0
1866,all_crop/bird1866_2008_007948.jpg,0,0
1867,all_crop/bird1867_2008_007948.jpg,0,0
1868,all_crop/bird1868_2008_007994.jpg,0,0
1869,all_crop/bird1869_2008_008022.jpg,0,0
1870,all_crop/bird1870_2008_008057.jpg,0,0
1871,all_crop/bird1871_2008_008105.jpg,0,0
1872,all_crop/bird1872_2008_008134.jpg,0,0
1873,all_crop/bird1873_2008_008145.jpg,0,0
1874,all_crop/bird1874_2008_008145.jpg,0,0
1875,all_crop/bird1875_2008_008145.jpg,0,0
1876,all_crop/bird1876_2008_008175.jpg,0,0
1877,all_crop/bird1877_2008_008233.jpg,0,0
1878,all_crop/bird1878_2008_008257.jpg,0,0
1879,all_crop/bird1879_2008_008268.jpg,0,0
1880,all_crop/bird1880_2008_008268.jpg,0,0
1881,all_crop/bird1881_2008_008268.jpg,0,0
1882,all_crop/bird1882_2008_008284.jpg,0,0
1883,all_crop/bird1883_2008_008292.jpg,0,0
1884,all_crop/bird1884_2008_008314.jpg,0,0
1885,all_crop/bird1885_2008_008346.jpg,0,0
1886,all_crop/bird1886_2008_008354.jpg,0,0
1887,all_crop/bird1887_2008_008376.jpg,0,0
1888,all_crop/bird1888_2008_008376.jpg,0,0
1889,all_crop/bird1889_2008_008377.jpg,0,0
1890,all_crop/bird1890_2008_008380.jpg,0,0
1891,all_crop/bird1891_2008_008387.jpg,0,0
1892,all_crop/bird1892_2008_008406.jpg,0,0
1893,all_crop/bird1893_2008_008435.jpg,0,0
1894,all_crop/bird1894_2008_008435.jpg,0,0
1895,all_crop/bird1895_2008_008461.jpg,0,0
1896,all_crop/bird1896_2008_008506.jpg,0,0
1897,all_crop/bird1897_2008_008512.jpg,0,0
1898,all_crop/bird1898_2008_008537.jpg,0,0
1899,all_crop/bird1899_2008_008595.jpg,0,0
1900,all_crop/bird1900_2008_008746.jpg,0,0
1901,all_crop/bird1901_2009_000026.jpg,0,0
1902,all_crop/bird1902_2009_000035.jpg,0,0
1903,all_crop/bird1903_2009_000037.jpg,0,0
1904,all_crop/bird1904_2009_000124.jpg,0,0
1905,all_crop/bird1905_2009_000146.jpg,0,0
1906,all_crop/bird1906_2009_000206.jpg,0,0
1907,all_crop/bird1907_2009_000254.jpg,0,0
1908,all_crop/bird1908_2009_000318.jpg,0,0
1909,all_crop/bird1909_2009_000318.jpg,0,0
1910,all_crop/bird1910_2009_000370.jpg,0,0
1911,all_crop/bird1911_2009_000389.jpg,0,0
1912,all_crop/bird1912_2009_000389.jpg,0,0
1913,all_crop/bird1913_2009_000389.jpg,0,0
1914,all_crop/bird1914_2009_000435.jpg,0,0
1915,all_crop/bird1915_2009_000536.jpg,0,0
1916,all_crop/bird1916_2009_000536.jpg,0,0
1917,all_crop/bird1917_2009_000619.jpg,0,0
1918,all_crop/bird1918_2009_000664.jpg,0,0
1919,all_crop/bird1919_2009_000664.jpg,0,0
1920,all_crop/bird1920_2009_000677.jpg,0,0
1921,all_crop/bird1921_2009_000758.jpg,0,0
1922,all_crop/bird1922_2009_000812.jpg,0,0
1923,all_crop/bird1923_2009_000879.jpg,0,0
1924,all_crop/bird1924_2009_000898.jpg,0,0
1925,all_crop/bird1925_2009_000904.jpg,0,0
1926,all_crop/bird1926_2009_000904.jpg,0,0
1927,all_crop/bird1927_2009_000958.jpg,0,0
1928,all_crop/bird1928_2009_000991.jpg,0,0
1929,all_crop/bird1929_2009_000991.jpg,0,0
1930,all_crop/bird1930_2009_000998.jpg,0,0
1931,all_crop/bird1931_2009_001108.jpg,0,0
1932,all_crop/bird1932_2009_001128.jpg,0,0
1933,all_crop/bird1933_2009_001128.jpg,0,0
1934,all_crop/bird1934_2009_001160.jpg,0,0
1935,all_crop/bird1935_2009_001166.jpg,0,0
1936,all_crop/bird1936_2009_001242.jpg,0,0
1937,all_crop/bird1937_2009_001314.jpg,0,0
1938,all_crop/bird1938_2009_001348.jpg,0,0
1939,all_crop/bird1939_2009_001397.jpg,0,0
1940,all_crop/bird1940_2009_001554.jpg,0,0
1941,all_crop/bird1941_2009_001565.jpg,0,0
1942,all_crop/bird1942_2009_001587.jpg,0,0
1943,all_crop/bird1943_2009_001607.jpg,0,0
1944,all_crop/bird1944_2009_001683.jpg,0,0
1945,all_crop/bird1945_2009_001765.jpg,0,0
1946,all_crop/bird1946_2009_001929.jpg,0,0
1947,all_crop/bird1947_2009_002056.jpg,0,0
1948,all_crop/bird1948_2009_002205.jpg,0,0
1949,all_crop/bird1949_2009_002205.jpg,0,0
1950,all_crop/bird1950_2009_002226.jpg,0,0
1951,all_crop/bird1951_2009_002286.jpg,0,0
1952,all_crop/bird1952_2009_002319.jpg,0,0
1953,all_crop/bird1953_2009_002414.jpg,0,0
1954,all_crop/bird1954_2009_002414.jpg,0,0
1955,all_crop/bird1955_2009_002525.jpg,0,0
1956,all_crop/bird1956_2009_002604.jpg,0,0
1957,all_crop/bird1957_2009_002608.jpg,0,0
1958,all_crop/bird1958_2009_002645.jpg,0,0
1959,all_crop/bird1959_2009_002754.jpg,0,0
1960,all_crop/bird1960_2009_002809.jpg,0,0
1961,all_crop/bird1961_2009_002877.jpg,0,0
1962,all_crop/bird1962_2009_002920.jpg,0,0
1963,all_crop/bird1963_2009_002962.jpg,0,0
1964,all_crop/bird1964_2009_002977.jpg,0,0
1965,all_crop/bird1965_2009_002977.jpg,0,0
1966,all_crop/bird1966_2009_002977.jpg,0,0
1967,all_crop/bird1967_2009_003052.jpg,0,0
1968,all_crop/bird1968_2009_003151.jpg,0,0
1969,all_crop/bird1969_2009_003259.jpg,0,0
1970,all_crop/bird1970_2009_003273.jpg,0,0
1971,all_crop/bird1971_2009_003300.jpg,0,0
1972,all_crop/bird1972_2009_003378.jpg,0,0
1973,all_crop/bird1973_2009_003399.jpg,0,0
1974,all_crop/bird1974_2009_003417.jpg,0,0
1975,all_crop/bird1975_2009_003450.jpg,0,0
1976,all_crop/bird1976_2009_003487.jpg,0,0
1977,all_crop/bird1977_2009_003498.jpg,0,0
1978,all_crop/bird1978_2009_003606.jpg,0,0
1979,all_crop/bird1979_2009_003640.jpg,0,0
1980,all_crop/bird1980_2009_003713.jpg,0,0
1981,all_crop/bird1981_2009_003858.jpg,0,0
1982,all_crop/bird1982_2009_003870.jpg,0,0
1983,all_crop/bird1983_2009_003911.jpg,0,0
1984,all_crop/bird1984_2009_003962.jpg,0,0
1985,all_crop/bird1985_2009_004001.jpg,0,0
1986,all_crop/bird1986_2009_004021.jpg,0,0
1987,all_crop/bird1987_2009_004044.jpg,0,0
1988,all_crop/bird1988_2009_004084.jpg,0,0
1989,all_crop/bird1989_2009_004141.jpg,0,0
1990,all_crop/bird1990_2009_004346.jpg,0,0
1991,all_crop/bird1991_2009_004509.jpg,0,0
1992,all_crop/bird1992_2009_004540.jpg,0,0
1993,all_crop/bird1993_2009_004552.jpg,0,0
1994,all_crop/bird1994_2009_004568.jpg,0,0
1995,all_crop/bird1995_2009_004568.jpg,0,0
1996,all_crop/bird1996_2009_004568.jpg,0,0
1997,all_crop/bird1997_2009_004568.jpg,0,0
1998,all_crop/bird1998_2009_004568.jpg,0,0
1999,all_crop/bird1999_2009_004568.jpg,0,0
2000,all_crop/bird2000_2009_004568.jpg,0,0
2001,all_crop/bird2001_2009_004625.jpg,0,0
2002,all_crop/bird2002_2009_004686.jpg,0,0
2003,all_crop/bird2003_2009_004713.jpg,0,0
2004,all_crop/bird2004_2009_004713.jpg,0,0
2005,all_crop/bird2005_2009_004754.jpg,0,0
2006,all_crop/bird2006_2009_004765.jpg,0,0
2007,all_crop/bird2007_2009_004765.jpg,0,0
2008,all_crop/bird2008_2009_004886.jpg,0,0
2009,all_crop/bird2009_2009_004895.jpg,0,0
2010,all_crop/bird2010_2009_004946.jpg,0,0
2011,all_crop/bird2011_2009_004996.jpg,0,0
2012,all_crop/bird2012_2009_005114.jpg,0,0
2013,all_crop/bird2013_2009_005137.jpg,0,0
2014,all_crop/bird2014_2009_005152.jpg,0,0
2015,all_crop/bird2015_2009_005260.jpg,0,0
2016,all_crop/bird2016_2009_005262.jpg,0,0
2017,all_crop/bird2017_2010_000151.jpg,0,0
2018,all_crop/bird2018_2010_000184.jpg,0,0
2019,all_crop/bird2019_2010_000197.jpg,0,0
2020,all_crop/bird2020_2010_000197.jpg,0,0
2021,all_crop/bird2021_2010_000241.jpg,0,0
2022,all_crop/bird2022_2010_000502.jpg,0,0
2023,all_crop/bird2023_2010_000621.jpg,0,0
2024,all_crop/bird2024_2010_000621.jpg,0,0
2025,all_crop/bird2025_2010_000814.jpg,0,0
2026,all_crop/bird2026_2010_000814.jpg,0,0
2027,all_crop/bird2027_2010_000836.jpg,0,0
2028,all_crop/bird2028_2010_000918.jpg,0,0
2029,all_crop/bird2029_2010_000961.jpg,0,0
2030,all_crop/bird2030_2010_001016.jpg,0,0
2031,all_crop/bird2031_2010_001042.jpg,0,0
2032,all_crop/bird2032_2010_001061.jpg,0,0
2033,all_crop/bird2033_2010_001069.jpg,0,0
2034,all_crop/bird2034_2010_001201.jpg,0,0
2035,all_crop/bird2035_2010_001441.jpg,0,0
2036,all_crop/bird2036_2010_001520.jpg,0,0
2037,all_crop/bird2037_2010_001584.jpg,0,0
2038,all_crop/bird2038_2010_001697.jpg,0,0
2039,all_crop/bird2039_2010_001820.jpg,0,0
2040,all_crop/bird2040_2010_001868.jpg,0,0
2041,all_crop/bird2041_2010_001927.jpg,0,0
2042,all_crop/bird2042_2010_001988.jpg,0,0
2043,all_crop/bird2043_2010_001992.jpg,0,0
2044,all_crop/bird2044_2010_001992.jpg,0,0
2045,all_crop/bird2045_2010_001995.jpg,0,0
2046,all_crop/bird2046_2010_002142.jpg,0,0
2047,all_crop/bird2047_2010_002181.jpg,0,0
2048,all_crop/bird2048_2010_002436.jpg,0,0
2049,all_crop/bird2049_2010_002450.jpg,0,0
2050,all_crop/bird2050_2010_002569.jpg,0,0
2051,all_crop/bird2051_2010_002621.jpg,0,0
2052,all_crop/bird2052_2010_002621.jpg,0,0
2053,all_crop/bird2053_2010_002632.jpg,0,0
2054,all_crop/bird2054_2010_002666.jpg,0,0
2055,all_crop/bird2055_2010_002740.jpg,0,0
2056,all_crop/bird2056_2010_002854.jpg,0,0
2057,all_crop/bird2057_2010_002854.jpg,0,0
2058,all_crop/bird2058_2010_002854.jpg,0,0
2059,all_crop/bird2059_2010_002873.jpg,0,0
2060,all_crop/bird2060_2010_003015.jpg,0,0
2061,all_crop/bird2061_2010_003081.jpg,0,0
2062,all_crop/bird2062_2010_003135.jpg,0,0
2063,all_crop/bird2063_2010_003168.jpg,0,0
2064,all_crop/bird2064_2010_003168.jpg,0,0
2065,all_crop/bird2065_2010_003362.jpg,0,0
2066,all_crop/bird2066_2010_003418.jpg,0,0
2067,all_crop/bird2067_2010_003419.jpg,0,0
2068,all_crop/bird2068_2010_003473.jpg,0,0
2069,all_crop/bird2069_2010_003503.jpg,0,0
2070,all_crop/bird2070_2010_003610.jpg,0,0
2071,all_crop/bird2071_2010_003659.jpg,0,0
2072,all_crop/bird2072_2010_003659.jpg,0,0
2073,all_crop/bird2073_2010_003659.jpg,0,0
2074,all_crop/bird2074_2010_003724.jpg,0,0
2075,all_crop/bird2075_2010_003771.jpg,0,0
2076,all_crop/bird2076_2010_003820.jpg,0,0
2077,all_crop/bird2077_2010_004026.jpg,0,0
2078,all_crop/bird2078_2010_004187.jpg,0,0
2079,all_crop/bird2079_2010_004201.jpg,0,0
2080,all_crop/bird2080_2010_004201.jpg,0,0
2081,all_crop/bird2081_2010_004230.jpg,0,0
2082,all_crop/bird2082_2010_004352.jpg,0,0
2083,all_crop/bird2083_2010_004420.jpg,0,0
2084,all_crop/bird2084_2010_004431.jpg,0,0
2085,all_crop/bird2085_2010_004431.jpg,0,0
2086,all_crop/bird2086_2010_004483.jpg,0,0
2087,all_crop/bird2087_2010_004556.jpg,0,0
2088,all_crop/bird2088_2010_004559.jpg,0,0
2089,all_crop/bird2089_2010_004570.jpg,0,0
2090,all_crop/bird2090_2010_004821.jpg,0,0
2091,all_crop/bird2091_2010_004906.jpg,0,0
2092,all_crop/bird2092_2010_004994.jpg,0,0
2093,all_crop/bird2093_2010_004994.jpg,0,0
2094,all_crop/bird2094_2010_004994.jpg,0,0
2095,all_crop/bird2095_2010_005023.jpg,0,0
2096,all_crop/bird2096_2010_005053.jpg,0,0
2097,all_crop/bird2097_2010_005053.jpg,0,0
2098,all_crop/bird2098_2010_005096.jpg,0,0
2099,all_crop/bird2099_2010_005152.jpg,0,0
2100,all_crop/bird2100_2010_005353.jpg,0,0
2101,all_crop/bird2101_2010_005428.jpg,0,0
2102,all_crop/bird2102_2010_005428.jpg,0,0
2103,all_crop/bird2103_2010_005428.jpg,0,0
2104,all_crop/bird2104_2010_005452.jpg,0,0
2105,all_crop/bird2105_2010_005472.jpg,0,0
2106,all_crop/bird2106_2010_005516.jpg,0,0
2107,all_crop/bird2107_2010_005516.jpg,0,0
2108,all_crop/bird2108_2010_005516.jpg,0,0
2109,all_crop/bird2109_2010_005516.jpg,0,0
2110,all_crop/bird2110_2010_005516.jpg,0,0
2111,all_crop/bird2111_2010_005531.jpg,0,0
2112,all_crop/bird2112_2010_005586.jpg,0,0
2113,all_crop/bird2113_2010_005651.jpg,0,0
2114,all_crop/bird2114_2010_005837.jpg,0,0
2115,all_crop/bird2115_2010_005837.jpg,0,0
2116,all_crop/bird2116_2010_005896.jpg,0,0
2117,all_crop/bird2117_2010_005993.jpg,0,0
2118,all_crop/bird2118_2010_006084.jpg,0,0
6716,all_crop/chair6716_2009_003253.jpg,1,1
13324,all_crop/person13324_2008_008410.jpg,1,1
12363,all_crop/person12363_2008_002808.jpg,1,1
13685,all_crop/person13685_2009_002792.jpg,1,1
13812,all_crop/person13812_2009_003720.jpg,1,1
2343,all_crop/boat2343_2010_001212.jpg,1,1
6311,all_crop/chair6311_2008_004313.jpg,1,1
12122,all_crop/person12122_2008_001986.jpg,1,1
12528,all_crop/person12528_2008_003452.jpg,1,1
6665,all_crop/chair6665_2009_002443.jpg,1,1
3867,all_crop/car3867_2008_004411.jpg,1,1
13495,all_crop/person13495_2009_000834.jpg,1,1
6250,all_crop/chair6250_2008_002442.jpg,1,1
4263,all_crop/car4263_2010_002841.jpg,1,1
13301,all_crop/person13301_2008_008184.jpg,1,1
18003,all_crop/pottedplant18003_2008_003269.jpg,1,1
12101,all_crop/person12101_2008_001929.jpg,1,1
13077,all_crop/person13077_2008_006331.jpg,1,1
3312,all_crop/bus3312_2009_000557.jpg,1,1
756,all_crop/bicycle756_2008_007510.jpg,1,1
6300,all_crop/chair6300_2008_003967.jpg,1,1
11783,all_crop/person11783_2008_000854.jpg,1,1
2796,all_crop/bottle2796_2009_001933.jpg,1,1
12056,all_crop/person12056_2008_001758.jpg,1,1
11922,all_crop/person11922_2008_001351.jpg,1,1
12928,all_crop/person12928_2008_005365.jpg,1,1
4366,all_crop/car4366_2010_005951.jpg,1,1
731,all_crop/bicycle731_2008_005737.jpg,1,1
14086,all_crop/person14086_2010_001092.jpg,1,1
2285,all_crop/boat2285_2009_002289.jpg,1,1
108,all_crop/aeroplane108_2008_007758.jpg,1,1
12708,all_crop/person12708_2008_004176.jpg,1,1
4043,all_crop/car4043_2009_000280.jpg,1,1
12764,all_crop/person12764_2008_004418.jpg,1,1
12281,all_crop/person12281_2008_002541.jpg,1,1
6448,all_crop/chair6448_2008_007335.jpg,1,1
2770,all_crop/bottle2770_2009_000502.jpg,1,1
19867,all_crop/train19867_2009_001831.jpg,1,1
10996,all_crop/motorbike10996_2008_000854.jpg,1,1
12880,all_crop/person12880_2008_005090.jpg,1,1
14156,all_crop/person14156_2010_001762.jpg,1,1
8644,all_crop/diningtable8644_2009_004426.jpg,1,1
3400,all_crop/bus3400_2009_005201.jpg,1,1
2323,all_crop/boat2323_2009_004904.jpg,1,1
2897,all_crop/bottle2897_2010_002941.jpg,1,1
2668,all_crop/bottle2668_2008_000787.jpg,1,1
4309,all_crop/car4309_2010_004239.jpg,1,1
19351,all_crop/sofa19351_2008_008608.jpg,1,1
12877,all_crop/person12877_2008_005055.jpg,1,1
20532,all_crop/tvmonitor20532_2010_003770.jpg,1,1
712,all_crop/bicycle712_2008_004325.jpg,1,1
14348,all_crop/person14348_2010_003332.jpg,1,1
11907,all_crop/person11907_2008_001302.jpg,1,1
20502,all_crop/tvmonitor20502_2010_001533.jpg,1,1
3965,all_crop/car3965_2008_006638.jpg,1,1
42,all_crop/aeroplane42_2008_004239.jpg,1,1
959,all_crop/bicycle959_2010_005909.jpg,1,1
12482,all_crop/person12482_2008_003277.jpg,1,1
4209,all_crop/car4209_2010_001043.jpg,1,1
12874,all_crop/person12874_2008_005033.jpg,1,1
12785,all_crop/person12785_2008_004492.jpg,1,1
11262,all_crop/motorbike11262_2010_004848.jpg,1,1
18145,all_crop/pottedplant18145_2009_002123.jpg,1,1
4137,all_crop/car4137_2009_003722.jpg,1,1
19303,all_crop/sofa19303_2008_002948.jpg,1,1
6986,all_crop/chair6986_2010_002815.jpg,1,1
19277,all_crop/sofa19277_2008_000093.jpg,1,1
20430,all_crop/tvmonitor20430_2009_002652.jpg,1,1
3737,all_crop/car3737_2008_000260.jpg,1,1
12100,all_crop/person12100_2008_001929.jpg,1,1
19918,all_crop/train19918_2009_004708.jpg,1,1
11621,all_crop/person11621_2008_000266.jpg,1,1
18289,all_crop/pottedplant18289_2010_005996.jpg,1,1
11836,all_crop/person11836_2008_001035.jpg,1,1
2861,all_crop/bottle2861_2009_004656.jpg,1,1
72,all_crop/aeroplane72_2008_005916.jpg,1,1
12272,all_crop/person12272_2008_002501.jpg,1,1
706,all_crop/bicycle706_2008_003819.jpg,1,1
20267,all_crop/tvmonitor20267_2008_000578.jpg,1,1
14116,all_crop/person14116_2010_001254.jpg,1,1
13791,all_crop/person13791_2009_003563.jpg,1,1
38,all_crop/aeroplane38_2008_004000.jpg,1,1
2917,all_crop/bottle2917_2010_004609.jpg,1,1
3928,all_crop/car3928_2008_005761.jpg,1,1
20458,all_crop/tvmonitor20458_2009_003695.jpg,1,1
13827,all_crop/person13827_2009_003888.jpg,1,1
19486,all_crop/sofa19486_2010_003804.jpg,1,1
20417,all_crop/tvmonitor20417_2009_001555.jpg,1,1
3934,all_crop/car3934_2008_005878.jpg,1,1
12152,all_crop/person12152_2008_002079.jpg,1,1
3436,all_crop/bus3436_2010_002413.jpg,1,1
13133,all_crop/person13133_2008_006872.jpg,1,1
7010,all_crop/chair7010_2010_003170.jpg,1,1
6535,all_crop/chair6535_2009_000577.jpg,1,1
2357,all_crop/boat2357_2010_002498.jpg,1,1
13544,all_crop/person13544_2009_001319.jpg,1,1
18279,all_crop/pottedplant18279_2010_005536.jpg,1,1
19488,all_crop/sofa19488_2010_003864.jpg,1,1
6804,all_crop/chair6804_2009_004452.jpg,1,1
293,all_crop/aeroplane293_2010_003737.jpg,1,1
11811,all_crop/person11811_2008_000953.jpg,1,1
6977,all_crop/chair6977_2010_002642.jpg,1,1
3935,all_crop/car3935_2008_005891.jpg,1,1
18241,all_crop/pottedplant18241_2010_002830.jpg,1,1
8658,all_crop/diningtable8658_2009_005278.jpg,1,1
7048,all_crop/chair7048_2010_004429.jpg,1,1
2337,all_crop/boat2337_2010_000748.jpg,1,1
3859,all_crop/car3859_2008_004080.jpg,1,1
6173,all_crop/chair6173_2008_000397.jpg,1,1
14350,all_crop/person14350_2010_003332.jpg,1,1
12137,all_crop/person12137_2008_002056.jpg,1,1
6193,all_crop/chair6193_2008_000941.jpg,1,1
13804,all_crop/person13804_2009_003668.jpg,1,1
20318,all_crop/tvmonitor20318_2008_004719.jpg,1,1
12177,all_crop/person12177_2008_002162.jpg,1,1
18228,all_crop/pottedplant18228_2010_001864.jpg,1,1
12384,all_crop/person12384_2008_002892.jpg,1,1
20311,all_crop/tvmonitor20311_2008_004259.jpg,1,1
8607,all_crop/diningtable8607_2009_002452.jpg,1,1
12566,all_crop/person12566_2008_003608.jpg,1,1
13232,all_crop/person13232_2008_007717.jpg,1,1
3741,all_crop/car3741_2008_000399.jpg,1,1
854,all_crop/bicycle854_2009_003164.jpg,1,1
751,all_crop/bicycle751_2008_007410.jpg,1,1
13251,all_crop/person13251_2008_007882.jpg,1,1
671,all_crop/bicycle671_2008_000615.jpg,1,1
6483,all_crop/chair6483_2008_008098.jpg,1,1
140,all_crop/aeroplane140_2009_000159.jpg,1,1
20527,all_crop/tvmonitor20527_2010_003405.jpg,1,1
98,all_crop/aeroplane98_2008_007357.jpg,1,1
13772,all_crop/person13772_2009_003446.jpg,1,1
12464,all_crop/person12464_2008_003191.jpg,1,1
19847,all_crop/train19847_2009_000974.jpg,1,1
14213,all_crop/person14213_2010_002221.jpg,1,1
948,all_crop/bicycle948_2010_005111.jpg,1,1
2774,all_crop/bottle2774_2009_000718.jpg,1,1
13871,all_crop/person13871_2009_004218.jpg,1,1
11845,all_crop/person11845_2008_001054.jpg,1,1
13100,all_crop/person13100_2008_006625.jpg,1,1
13412,all_crop/person13412_2009_000237.jpg,1,1
857,all_crop/bicycle857_2009_003175.jpg,1,1
14178,all_crop/person14178_2010_001940.jpg,1,1
2667,all_crop/bottle2667_2008_000290.jpg,1,1
7098,all_crop/chair7098_2010_005972.jpg,1,1
13403,all_crop/person13403_2009_000140.jpg,1,1
6732,all_crop/chair6732_2009_003352.jpg,1,1
13005,all_crop/person13005_2008_005923.jpg,1,1
12446,all_crop/person12446_2008_003128.jpg,1,1
3327,all_crop/bus3327_2009_001354.jpg,1,1
19799,all_crop/train19799_2008_007280.jpg,1,1
19854,all_crop/train19854_2009_001192.jpg,1,1
3860,all_crop/car3860_2008_004102.jpg,1,1
20260,all_crop/tvmonitor20260_2008_000093.jpg,1,1
13078,all_crop/person13078_2008_006370.jpg,1,1
20481,all_crop/tvmonitor20481_2009_005042.jpg,1,1
13279,all_crop/person13279_2008_008072.jpg,1,1
20526,all_crop/tvmonitor20526_2010_003241.jpg,1,1
12478,all_crop/person12478_2008_003251.jpg,1,1
13221,all_crop/person13221_2008_007675.jpg,1,1
3851,all_crop/car3851_2008_003764.jpg,1,1
13468,all_crop/person13468_2009_000595.jpg,1,1
12671,all_crop/person12671_2008_003967.jpg,1,1
14176,all_crop/person14176_2010_001923.jpg,1,1
3994,all_crop/car3994_2008_007221.jpg,1,1
8613,all_crop/diningtable8613_2009_002885.jpg,1,1
2336,all_crop/boat2336_2010_000710.jpg,1,1
12637,all_crop/person12637_2008_003847.jpg,1,1
4087,all_crop/car4087_2009_001861.jpg,1,1
13214,all_crop/person13214_2008_007593.jpg,1,1
11628,all_crop/person11628_2008_000290.jpg,1,1
13166,all_crop/person13166_2008_007147.jpg,1,1
4315,all_crop/car4315_2010_004349.jpg,1,1
200,all_crop/aeroplane200_2009_003147.jpg,1,1
6195,all_crop/chair6195_2008_001073.jpg,1,1
12365,all_crop/person12365_2008_002813.jpg,1,1
11693,all_crop/person11693_2008_000514.jpg,1,1
11692,all_crop/person11692_2008_000514.jpg,1,1
8580,all_crop/diningtable8580_2009_000867.jpg,1,1
14371,all_crop/person14371_2010_003560.jpg,1,1
12524,all_crop/person12524_2008_003429.jpg,1,1
19495,all_crop/sofa19495_2010_004358.jpg,1,1
7109,all_crop/chair7109_2010_006015.jpg,1,1
4145,all_crop/car4145_2009_004018.jpg,1,1
3857,all_crop/car3857_2008_003970.jpg,1,1
14455,all_crop/person14455_2010_004325.jpg,1,1
2207,all_crop/boat2207_2008_005536.jpg,1,1
3792,all_crop/car3792_2008_002197.jpg,1,1
20509,all_crop/tvmonitor20509_2010_002015.jpg,1,1
918,all_crop/bicycle918_2010_002708.jpg,1,1
12459,all_crop/person12459_2008_003157.jpg,1,1
8635,all_crop/diningtable8635_2009_004094.jpg,1,1
20370,all_crop/tvmonitor20370_2008_007246.jpg,1,1
12885,all_crop/person12885_2008_005146.jpg,1,1
6491,all_crop/chair6491_2008_008330.jpg,1,1
6931,all_crop/chair6931_2010_001547.jpg,1,1
3385,all_crop/bus3385_2009_004328.jpg,1,1
12863,all_crop/person12863_2008_004961.jpg,1,1
12983,all_crop/person12983_2008_005794.jpg,1,1
6553,all_crop/chair6553_2009_000834.jpg,1,1
6361,all_crop/chair6361_2008_005248.jpg,1,1
6616,all_crop/chair6616_2009_001800.jpg,1,1
11953,all_crop/person11953_2008_001434.jpg,1,1
11843,all_crop/person11843_2008_001052.jpg,1,1
12502,all_crop/person12502_2008_003338.jpg,1,1
12413,all_crop/person12413_2008_002984.jpg,1,1
18209,all_crop/pottedplant18209_2010_000773.jpg,1,1
13286,all_crop/person13286_2008_008098.jpg,1,1
4070,all_crop/car4070_2009_001463.jpg,1,1
19831,all_crop/train19831_2009_000105.jpg,1,1
13336,all_crop/person13336_2008_008440.jpg,1,1
12714,all_crop/person12714_2008_004176.jpg,1,1
6405,all_crop/chair6405_2008_006300.jpg,1,1
11275,all_crop/motorbike11275_2010_005684.jpg,1,1
4226,all_crop/car4226_2010_001360.jpg,1,1
13134,all_crop/person13134_2008_006879.jpg,1,1
20314,all_crop/tvmonitor20314_2008_004506.jpg,1,1
12435,all_crop/person12435_2008_003093.jpg,1,1
8583,all_crop/diningtable8583_2009_001009.jpg,1,1
19325,all_crop/sofa19325_2008_006737.jpg,1,1
14003,all_crop/person14003_2010_000148.jpg,1,1
6490,all_crop/chair6490_2008_008330.jpg,1,1
6610,all_crop/chair6610_2009_001611.jpg,1,1
2319,all_crop/boat2319_2009_004557.jpg,1,1
4088,all_crop/car4088_2009_001898.jpg,1,1
20329,all_crop/tvmonitor20329_2008_005094.jpg,1,1
6499,all_crop/chair6499_2008_008402.jpg,1,1
4068,all_crop/car4068_2009_001374.jpg,1,1
14001,all_crop/person14001_2010_000133.jpg,1,1
6602,all_crop/chair6602_2009_001493.jpg,1,1
6254,all_crop/chair6254_2008_002442.jpg,1,1
13754,all_crop/person13754_2009_003338.jpg,1,1
11996,all_crop/person11996_2008_001582.jpg,1,1
11667,all_crop/person11667_2008_000432.jpg,1,1
4174,all_crop/car4174_2009_005154.jpg,1,1
6984,all_crop/chair6984_2010_002811.jpg,1,1
6670,all_crop/chair6670_2009_002452.jpg,1,1
6341,all_crop/chair6341_2008_004834.jpg,1,1
2138,all_crop/boat2138_2008_001389.jpg,1,1
13360,all_crop/person13360_2008_008579.jpg,1,1
2736,all_crop/bottle2736_2008_006427.jpg,1,1
12237,all_crop/person12237_2008_002377.jpg,1,1
13792,all_crop/person13792_2009_003577.jpg,1,1
11120,all_crop/motorbike11120_2008_008416.jpg,1,1
17994,all_crop/pottedplant17994_2008_002317.jpg,1,1
13835,all_crop/person13835_2009_003976.jpg,1,1
2391,all_crop/boat2391_2010_005927.jpg,1,1
12607,all_crop/person12607_2008_003762.jpg,1,1
6834,all_crop/chair6834_2009_004890.jpg,1,1
13136,all_crop/person13136_2008_006881.jpg,1,1
682,all_crop/bicycle682_2008_001860.jpg,1,1
14015,all_crop/person14015_2010_000361.jpg,1,1
12472,all_crop/person12472_2008_003224.jpg,1,1
4041,all_crop/car4041_2009_000160.jpg,1,1
12592,all_crop/person12592_2008_003712.jpg,1,1
6295,all_crop/chair6295_2008_003774.jpg,1,1
3754,all_crop/car3754_2008_000944.jpg,1,1
4153,all_crop/car4153_2009_004179.jpg,1,1
12065,all_crop/person12065_2008_001811.jpg,1,1
18087,all_crop/pottedplant18087_2008_007990.jpg,1,1
11780,all_crop/person11780_2008_000847.jpg,1,1
6925,all_crop/chair6925_2010_001511.jpg,1,1
14396,all_crop/person14396_2010_003719.jpg,1,1
11022,all_crop/motorbike11022_2008_002948.jpg,1,1
13773,all_crop/person13773_2009_003447.jpg,1,1
12778,all_crop/person12778_2008_004457.jpg,1,1
6793,all_crop/chair6793_2009_004312.jpg,1,1
2255,all_crop/boat2255_2008_008170.jpg,1,1
4004,all_crop/car4004_2008_007456.jpg,1,1
6704,all_crop/chair6704_2009_002932.jpg,1,1
2340,all_crop/boat2340_2010_001126.jpg,1,1
13065,all_crop/person13065_2008_006272.jpg,1,1
12222,all_crop/person12222_2008_002331.jpg,1,1
8595,all_crop/diningtable8595_2009_001670.jpg,1,1
13261,all_crop/person13261_2008_007950.jpg,1,1
13761,all_crop/person13761_2009_003361.jpg,1,1
14134,all_crop/person14134_2010_001431.jpg,1,1
12905,all_crop/person12905_2008_005218.jpg,1,1
13439,all_crop/person13439_2009_000474.jpg,1,1
4075,all_crop/car4075_2009_001546.jpg,1,1
6970,all_crop/chair6970_2010_002400.jpg,1,1
14392,all_crop/person14392_2010_003674.jpg,1,1
39,all_crop/aeroplane39_2008_004100.jpg,1,1
2804,all_crop/bottle2804_2009_002567.jpg,1,1
12261,all_crop/person12261_2008_002459.jpg,1,1
19428,all_crop/sofa19428_2009_004091.jpg,1,1
12729,all_crop/person12729_2008_004274.jpg,1,1
13152,all_crop/person13152_2008_007043.jpg,1,1
889,all_crop/bicycle889_2010_000356.jpg,1,1
12767,all_crop/person12767_2008_004435.jpg,1,1
12690,all_crop/person12690_2008_004053.jpg,1,1
2798,all_crop/bottle2798_2009_002060.jpg,1,1
14263,all_crop/person14263_2010_002628.jpg,1,1
3288,all_crop/bus3288_2008_008343.jpg,1,1
6654,all_crop/chair6654_2009_002236.jpg,1,1
4055,all_crop/car4055_2009_000777.jpg,1,1
2369,all_crop/boat2369_2010_003644.jpg,1,1
13167,all_crop/person13167_2008_007147.jpg,1,1
3442,all_crop/bus3442_2010_003057.jpg,1,1
13303,all_crop/person13303_2008_008212.jpg,1,1
12794,all_crop/person12794_2008_004512.jpg,1,1
2799,all_crop/bottle2799_2009_002089.jpg,1,1
19961,all_crop/train19961_2010_002080.jpg,1,1
19933,all_crop/train19933_2009_005303.jpg,1,1
11272,all_crop/motorbike11272_2010_005494.jpg,1,1
13502,all_crop/person13502_2009_000987.jpg,1,1
13189,all_crop/person13189_2008_007291.jpg,1,1
8541,all_crop/diningtable8541_2008_006133.jpg,1,1
11701,all_crop/person11701_2008_000548.jpg,1,1
3937,all_crop/car3937_2008_005902.jpg,1,1
12999,all_crop/person12999_2008_005855.jpg,1,1
18271,all_crop/pottedplant18271_2010_005279.jpg,1,1
2201,all_crop/boat2201_2008_005367.jpg,1,1
18002,all_crop/pottedplant18002_2008_002317.jpg,1,1
6814,all_crop/chair6814_2009_004514.jpg,1,1
12083,all_crop/person12083_2008_001854.jpg,1,1
121,all_crop/aeroplane121_2008_008180.jpg,1,1
14569,all_crop/person14569_2010_005393.jpg,1,1
6935,all_crop/chair6935_2010_001608.jpg,1,1
8598,all_crop/diningtable8598_2009_001867.jpg,1,1
12839,all_crop/person12839_2008_004834.jpg,1,1
3904,all_crop/car3904_2008_005216.jpg,1,1
3421,all_crop/bus3421_2010_001458.jpg,1,1
2889,all_crop/bottle2889_2010_002055.jpg,1,1
4334,all_crop/car4334_2010_005019.jpg,1,1
12198,all_crop/person12198_2008_002236.jpg,1,1
19278,all_crop/sofa19278_2008_000128.jpg,1,1
6223,all_crop/chair6223_2008_001641.jpg,1,1
104,all_crop/aeroplane104_2008_007604.jpg,1,1
3323,all_crop/bus3323_2009_001159.jpg,1,1
3291,all_crop/bus3291_2008_008674.jpg,1,1
2237,all_crop/boat2237_2008_006961.jpg,1,1
4304,all_crop/car4304_2010_004160.jpg,1,1
876,all_crop/bicycle876_2009_004642.jpg,1,1
18165,all_crop/pottedplant18165_2009_003459.jpg,1,1
19305,all_crop/sofa19305_2008_003814.jpg,1,1
3329,all_crop/bus3329_2009_001472.jpg,1,1
747,all_crop/bicycle747_2008_006807.jpg,1,1
12334,all_crop/person12334_2008_002733.jpg,1,1
784,all_crop/bicycle784_2008_008591.jpg,1,1
12957,all_crop/person12957_2008_005600.jpg,1,1
3250,all_crop/bus3250_2008_003489.jpg,1,1
142,all_crop/aeroplane142_2009_000320.jpg,1,1
19401,all_crop/sofa19401_2009_002611.jpg,1,1
13492,all_crop/person13492_2009_000831.jpg,1,1
231,all_crop/aeroplane231_2009_004944.jpg,1,1
18151,all_crop/pottedplant18151_2009_002688.jpg,1,1
11240,all_crop/motorbike11240_2010_003159.jpg,1,1
12136,all_crop/person12136_2008_002032.jpg,1,1
956,all_crop/bicycle956_2010_005810.jpg,1,1
6275,all_crop/chair6275_2008_003264.jpg,1,1
13627,all_crop/person13627_2009_002147.jpg,1,1
12617,all_crop/person12617_2008_003781.jpg,1,1
2286,all_crop/boat2286_2009_002289.jpg,1,1
8589,all_crop/diningtable8589_2009_001319.jpg,1,1
20549,all_crop/tvmonitor20549_2010_004805.jpg,1,1
14611,all_crop/person14611_2010_005830.jpg,1,1
13621,all_crop/person13621_2009_002112.jpg,1,1
2814,all_crop/bottle2814_2009_002850.jpg,1,1
12536,all_crop/person12536_2008_003488.jpg,1,1
2139,all_crop/boat2139_2008_001420.jpg,1,1
19935,all_crop/train19935_2010_000080.jpg,1,1
2853,all_crop/bottle2853_2009_004656.jpg,1,1
12652,all_crop/person12652_2008_003908.jpg,1,1
19287,all_crop/sofa19287_2008_001133.jpg,1,1
18285,all_crop/pottedplant18285_2010_005876.jpg,1,1
2200,all_crop/boat2200_2008_005321.jpg,1,1
13898,all_crop/person13898_2009_004429.jpg,1,1
19281,all_crop/sofa19281_2008_000636.jpg,1,1
12645,all_crop/person12645_2008_003883.jpg,1,1
8700,all_crop/diningtable8700_2010_002742.jpg,1,1
2846,all_crop/bottle2846_2009_004199.jpg,1,1
20511,all_crop/tvmonitor20511_2010_002097.jpg,1,1
13041,all_crop/person13041_2008_006145.jpg,1,1
19445,all_crop/sofa19445_2009_004593.jpg,1,1
3321,all_crop/bus3321_2009_001098.jpg,1,1
19900,all_crop/train19900_2009_003583.jpg,1,1
6255,all_crop/chair6255_2008_002601.jpg,1,1
20272,all_crop/tvmonitor20272_2008_001143.jpg,1,1
13122,all_crop/person13122_2008_006807.jpg,1,1
13756,all_crop/person13756_2009_003349.jpg,1,1
12545,all_crop/person12545_2008_003515.jpg,1,1
188,all_crop/aeroplane188_2009_002770.jpg,1,1
3831,all_crop/car3831_2008_003140.jpg,1,1
4074,all_crop/car4074_2009_001546.jpg,1,1
4238,all_crop/car4238_2010_001948.jpg,1,1
2893,all_crop/bottle2893_2010_002520.jpg,1,1
12925,all_crop/person12925_2008_005365.jpg,1,1
13982,all_crop/person13982_2009_005311.jpg,1,1
2871,all_crop/bottle2871_2010_000310.jpg,1,1
6940,all_crop/chair6940_2010_001743.jpg,1,1
12810,all_crop/person12810_2008_004574.jpg,1,1
6370,all_crop/chair6370_2008_005519.jpg,1,1
12421,all_crop/person12421_2008_003013.jpg,1,1
12430,all_crop/person12430_2008_003065.jpg,1,1
2900,all_crop/bottle2900_2010_003037.jpg,1,1
3913,all_crop/car3913_2008_005336.jpg,1,1
6478,all_crop/chair6478_2008_008070.jpg,1,1
8551,all_crop/diningtable8551_2008_007291.jpg,1,1
13023,all_crop/person13023_2008_006039.jpg,1,1
13461,all_crop/person13461_2009_000565.jpg,1,1
14066,all_crop/person14066_2010_000827.jpg,1,1
13722,all_crop/person13722_2009_002993.jpg,1,1
3767,all_crop/car3767_2008_001104.jpg,1,1
4195,all_crop/car4195_2010_000522.jpg,1,1
4348,all_crop/car4348_2010_005546.jpg,1,1
14612,all_crop/person14612_2010_005830.jpg,1,1
2733,all_crop/bottle2733_2008_006192.jpg,1,1
18036,all_crop/pottedplant18036_2008_005040.jpg,1,1
6532,all_crop/chair6532_2009_000439.jpg,1,1
13442,all_crop/person13442_2009_000505.jpg,1,1
19791,all_crop/train19791_2008_006655.jpg,1,1
14102,all_crop/person14102_2010_001120.jpg,1,1
4196,all_crop/car4196_2010_000556.jpg,1,1
12359,all_crop/person12359_2008_002794.jpg,1,1
18198,all_crop/pottedplant18198_2009_005069.jpg,1,1
13839,all_crop/person13839_2009_004042.jpg,1,1
13017,all_crop/person13017_2008_006039.jpg,1,1
3338,all_crop/bus3338_2009_001910.jpg,1,1
13316,all_crop/person13316_2008_008366.jpg,1,1
11006,all_crop/motorbike11006_2008_001690.jpg,1,1
12829,all_crop/person12829_2008_004707.jpg,1,1
314,all_crop/aeroplane314_2010_004938.jpg,1,1
12644,all_crop/person12644_2008_003882.jpg,1,1
725,all_crop/bicycle725_2008_005484.jpg,1,1
6342,all_crop/chair6342_2008_004834.jpg,1,1
12698,all_crop/person12698_2008_004084.jpg,1,1
12665,all_crop/person12665_2008_003956.jpg,1,1
3829,all_crop/car3829_2008_003061.jpg,1,1
2265,all_crop/boat2265_2009_000752.jpg,1,1
3808,all_crop/car3808_2008_002704.jpg,1,1
13844,all_crop/person13844_2009_004055.jpg,1,1
12517,all_crop/person12517_2008_003414.jpg,1,1
19858,all_crop/train19858_2009_001493.jpg,1,1
4110,all_crop/car4110_2009_002695.jpg,1,1
4031,all_crop/car4031_2008_008432.jpg,1,1
2864,all_crop/bottle2864_2009_004764.jpg,1,1
18085,all_crop/pottedplant18085_2008_007973.jpg,1,1
17441,all_crop/person17441_2010_001635.jpg,1,0
15845,all_crop/person15845_2008_003755.jpg,1,0
15316,all_crop/person15316_2008_002042.jpg,1,0
18605,all_crop/pottedplant18605_2010_003103.jpg,1,0
2967,all_crop/bottle2967_2008_004778.jpg,1,0
15777,all_crop/person15777_2008_003526.jpg,1,0
2543,all_crop/boat2543_2009_001406.jpg,1,0
3235,all_crop/bottle3235_2010_006000.jpg,1,0
2522,all_crop/boat2522_2008_007884.jpg,1,0
7921,all_crop/chair7921_2010_002877.jpg,1,0
7223,all_crop/chair7223_2008_002508.jpg,1,0
18573,all_crop/pottedplant18573_2010_001219.jpg,1,0
16603,all_crop/person16603_2008_008272.jpg,1,0
3634,all_crop/bus3634_2009_004732.jpg,1,0
17837,all_crop/person17837_2010_005026.jpg,1,0
16797,all_crop/person16797_2009_000896.jpg,1,0
17708,all_crop/person17708_2010_003731.jpg,1,0
20102,all_crop/train20102_2009_001118.jpg,1,0
17052,all_crop/person17052_2009_003251.jpg,1,0
1102,all_crop/bicycle1102_2009_000461.jpg,1,0
20794,all_crop/tvmonitor20794_2009_004062.jpg,1,0
14896,all_crop/person14896_2008_000904.jpg,1,0
16557,all_crop/person16557_2008_007966.jpg,1,0
7848,all_crop/chair7848_2010_001455.jpg,1,0
17320,all_crop/person17320_2010_000352.jpg,1,0
17079,all_crop/person17079_2009_003441.jpg,1,0
11317,all_crop/motorbike11317_2008_002240.jpg,1,0
17027,all_crop/person17027_2009_003071.jpg,1,0
17798,all_crop/person17798_2010_004597.jpg,1,0
14703,all_crop/person14703_2008_000307.jpg,1,0
15227,all_crop/person15227_2008_001808.jpg,1,0
4820,all_crop/car4820_2009_004933.jpg,1,0
17236,all_crop/person17236_2009_004899.jpg,1,0
16793,all_crop/person16793_2009_000858.jpg,1,0
18316,all_crop/pottedplant18316_2008_002086.jpg,1,0
17757,all_crop/person17757_2010_004225.jpg,1,0
8834,all_crop/diningtable8834_2009_002546.jpg,1,0
7911,all_crop/chair7911_2010_002639.jpg,1,0
15166,all_crop/person15166_2008_001660.jpg,1,0
11471,all_crop/motorbike11471_2009_002894.jpg,1,0
16437,all_crop/person16437_2008_006979.jpg,1,0
3082,all_crop/bottle3082_2009_001799.jpg,1,0
4675,all_crop/car4675_2009_000078.jpg,1,0
17577,all_crop/person17577_2010_002853.jpg,1,0
7528,all_crop/chair7528_2009_001371.jpg,1,0
16815,all_crop/person16815_2009_001106.jpg,1,0
17646,all_crop/person17646_2010_003287.jpg,1,0
4991,all_crop/car4991_2010_004785.jpg,1,0
17490,all_crop/person17490_2010_002017.jpg,1,0
20181,all_crop/train20181_2009_005061.jpg,1,0
17364,all_crop/person17364_2010_000792.jpg,1,0
15101,all_crop/person15101_2008_001534.jpg,1,0
18601,all_crop/pottedplant18601_2010_002661.jpg,1,0
14804,all_crop/person14804_2008_000620.jpg,1,0
4712,all_crop/car4712_2009_001519.jpg,1,0
347,all_crop/aeroplane347_2008_001971.jpg,1,0
20610,all_crop/tvmonitor20610_2008_003432.jpg,1,0
7721,all_crop/chair7721_2009_004032.jpg,1,0
4485,all_crop/car4485_2008_003868.jpg,1,0
8851,all_crop/diningtable8851_2009_003507.jpg,1,0
8940,all_crop/diningtable8940_2010_004278.jpg,1,0
18551,all_crop/pottedplant18551_2009_005310.jpg,1,0
17076,all_crop/person17076_2009_003409.jpg,1,0
18471,all_crop/pottedplant18471_2009_001440.jpg,1,0
2623,all_crop/boat2623_2010_002315.jpg,1,0
7439,all_crop/chair7439_2008_007949.jpg,1,0
11434,all_crop/motorbike11434_2009_000825.jpg,1,0
11495,all_crop/motorbike11495_2009_004502.jpg,1,0
15558,all_crop/person15558_2008_002753.jpg,1,0
15870,all_crop/person15870_2008_003805.jpg,1,0
7633,all_crop/chair7633_2009_002743.jpg,1,0
14929,all_crop/person14929_2008_001009.jpg,1,0
17266,all_crop/person17266_2009_005172.jpg,1,0
16862,all_crop/person16862_2009_001577.jpg,1,0
17532,all_crop/person17532_2010_002484.jpg,1,0
16019,all_crop/person16019_2008_004344.jpg,1,0
4990,all_crop/car4990_2010_004785.jpg,1,0
16571,all_crop/person16571_2008_008069.jpg,1,0
16977,all_crop/person16977_2009_002524.jpg,1,0
16315,all_crop/person16315_2008_006108.jpg,1,0
14715,all_crop/person14715_2008_000381.jpg,1,0
7325,all_crop/chair7325_2008_005348.jpg,1,0
18622,all_crop/pottedplant18622_2010_004670.jpg,1,0
15415,all_crop/person15415_2008_002328.jpg,1,0
4535,all_crop/car4535_2008_005139.jpg,1,0
17751,all_crop/person17751_2010_004225.jpg,1,0
15852,all_crop/person15852_2008_003756.jpg,1,0
15931,all_crop/person15931_2008_004016.jpg,1,0
18477,all_crop/pottedplant18477_2009_001684.jpg,1,0
15474,all_crop/person15474_2008_002540.jpg,1,0
17097,all_crop/person17097_2009_003669.jpg,1,0
17332,all_crop/person17332_2010_000446.jpg,1,0
16932,all_crop/person16932_2009_002239.jpg,1,0
16607,all_crop/person16607_2008_008336.jpg,1,0
20676,all_crop/tvmonitor20676_2008_006710.jpg,1,0
999,all_crop/bicycle999_2008_003812.jpg,1,0
1018,all_crop/bicycle1018_2008_005175.jpg,1,0
11394,all_crop/motorbike11394_2008_007264.jpg,1,0
16383,all_crop/person16383_2008_006588.jpg,1,0
18425,all_crop/pottedplant18425_2008_007831.jpg,1,0
7308,all_crop/chair7308_2008_005068.jpg,1,0
17769,all_crop/person17769_2010_004400.jpg,1,0
7784,all_crop/chair7784_2009_005171.jpg,1,0
7583,all_crop/chair7583_2009_002208.jpg,1,0
15688,all_crop/person15688_2008_003193.jpg,1,0
17684,all_crop/person17684_2010_003597.jpg,1,0
14688,all_crop/person14688_2008_000268.jpg,1,0
492,all_crop/aeroplane492_2009_001509.jpg,1,0
1209,all_crop/bicycle1209_2010_001540.jpg,1,0
15447,all_crop/person15447_2008_002451.jpg,1,0
7450,all_crop/chair7450_2008_008439.jpg,1,0
4425,all_crop/car4425_2008_002198.jpg,1,0
18401,all_crop/pottedplant18401_2008_006816.jpg,1,0
17393,all_crop/person17393_2010_001119.jpg,1,0
15423,all_crop/person15423_2008_002378.jpg,1,0
3146,all_crop/bottle3146_2009_004551.jpg,1,0
19514,all_crop/sofa19514_2008_000465.jpg,1,0
579,all_crop/aeroplane579_2010_001017.jpg,1,0
7723,all_crop/chair7723_2009_004092.jpg,1,0
3161,all_crop/bottle3161_2009_005302.jpg,1,0
16882,all_crop/person16882_2009_001759.jpg,1,0
17374,all_crop/person17374_2010_000945.jpg,1,0
15876,all_crop/person15876_2008_003825.jpg,1,0
15525,all_crop/person15525_2008_002677.jpg,1,0
20800,all_crop/tvmonitor20800_2009_004062.jpg,1,0
17009,all_crop/person17009_2009_002800.jpg,1,0
7524,all_crop/chair7524_2009_001299.jpg,1,0
18589,all_crop/pottedplant18589_2010_001843.jpg,1,0
18429,all_crop/pottedplant18429_2008_007831.jpg,1,0
17899,all_crop/person17899_2010_005532.jpg,1,0
20199,all_crop/train20199_2010_000865.jpg,1,0
17343,all_crop/person17343_2010_000559.jpg,1,0
16896,all_crop/person16896_2009_001805.jpg,1,0
20699,all_crop/tvmonitor20699_2008_007798.jpg,1,0
16750,all_crop/person16750_2009_000511.jpg,1,0
15225,all_crop/person15225_2008_001802.jpg,1,0
3143,all_crop/bottle3143_2009_004332.jpg,1,0
16901,all_crop/person16901_2009_001822.jpg,1,0
7236,all_crop/chair7236_2008_003178.jpg,1,0
16027,all_crop/person16027_2008_004389.jpg,1,0
17358,all_crop/person17358_2010_000744.jpg,1,0
16360,all_crop/person16360_2008_006341.jpg,1,0
20129,all_crop/train20129_2009_002441.jpg,1,0
7392,all_crop/chair7392_2008_007194.jpg,1,0
8914,all_crop/diningtable8914_2010_002269.jpg,1,0
11424,all_crop/motorbike11424_2009_000611.jpg,1,0
17921,all_crop/person17921_2010_005626.jpg,1,0
20138,all_crop/train20138_2009_002838.jpg,1,0
17676,all_crop/person17676_2010_003563.jpg,1,0
4964,all_crop/car4964_2010_003813.jpg,1,0
7136,all_crop/chair7136_2008_000690.jpg,1,0
3105,all_crop/bottle3105_2009_002732.jpg,1,0
17919,all_crop/person17919_2010_005626.jpg,1,0
8949,all_crop/diningtable8949_2010_004909.jpg,1,0
17194,all_crop/person17194_2009_004507.jpg,1,0
2457,all_crop/boat2457_2008_004469.jpg,1,0
7579,all_crop/chair7579_2009_002169.jpg,1,0
15171,all_crop/person15171_2008_001669.jpg,1,0
11296,all_crop/motorbike11296_2008_000858.jpg,1,0
16524,all_crop/person16524_2008_007737.jpg,1,0
15073,all_crop/person15073_2008_001437.jpg,1,0
17582,all_crop/person17582_2010_002864.jpg,1,0
16910,all_crop/person16910_2009_001940.jpg,1,0
20733,all_crop/tvmonitor20733_2009_001526.jpg,1,0
17369,all_crop/person17369_2010_000797.jpg,1,0
7604,all_crop/chair7604_2009_002471.jpg,1,0
17325,all_crop/person17325_2010_000358.jpg,1,0
17866,all_crop/person17866_2010_005284.jpg,1,0
1108,all_crop/bicycle1108_2009_000896.jpg,1,0
3561,all_crop/bus3561_2009_001148.jpg,1,0
16022,all_crop/person16022_2008_004361.jpg,1,0
15685,all_crop/person15685_2008_003186.jpg,1,0
2515,all_crop/boat2515_2008_007643.jpg,1,0
20160,all_crop/train20160_2009_003863.jpg,1,0
16853,all_crop/person16853_2009_001479.jpg,1,0
560,all_crop/aeroplane560_2009_005019.jpg,1,0
7133,all_crop/chair7133_2008_000498.jpg,1,0
16724,all_crop/person16724_2009_000288.jpg,1,0
16794,all_crop/person16794_2009_000865.jpg,1,0
16715,all_crop/person16715_2009_000219.jpg,1,0
17939,all_crop/person17939_2010_005871.jpg,1,0
2559,all_crop/boat2559_2009_002449.jpg,1,0
3505,all_crop/bus3505_2008_006554.jpg,1,0
19678,all_crop/sofa19678_2009_004188.jpg,1,0
14784,all_crop/person14784_2008_000564.jpg,1,0
17180,all_crop/person17180_2009_004309.jpg,1,0
381,all_crop/aeroplane381_2008_004646.jpg,1,0
14943,all_crop/person14943_2008_001046.jpg,1,0
3140,all_crop/bottle3140_2009_004085.jpg,1,0
15246,all_crop/person15246_2008_001863.jpg,1,0
2598,all_crop/boat2598_2009_005268.jpg,1,0
544,all_crop/aeroplane544_2009_004075.jpg,1,0
15297,all_crop/person15297_2008_001992.jpg,1,0
15607,all_crop/person15607_2008_002906.jpg,1,0
18609,all_crop/pottedplant18609_2010_003390.jpg,1,0
11574,all_crop/motorbike11574_2010_005572.jpg,1,0
20650,all_crop/tvmonitor20650_2008_005732.jpg,1,0
4969,all_crop/car4969_2010_004021.jpg,1,0
20043,all_crop/train20043_2008_006055.jpg,1,0
15197,all_crop/person15197_2008_001745.jpg,1,0
17277,all_crop/person17277_2009_005242.jpg,1,0
20157,all_crop/train20157_2009_003758.jpg,1,0
7359,all_crop/chair7359_2008_006311.jpg,1,0
3599,all_crop/bus3599_2009_003276.jpg,1,0
17085,all_crop/person17085_2009_003499.jpg,1,0
15973,all_crop/person15973_2008_004188.jpg,1,0
8918,all_crop/diningtable8918_2010_002539.jpg,1,0
15046,all_crop/person15046_2008_001338.jpg,1,0
4553,all_crop/car4553_2008_005316.jpg,1,0
17373,all_crop/person17373_2010_000944.jpg,1,0
19692,all_crop/sofa19692_2010_000097.jpg,1,0
15730,all_crop/person15730_2008_003351.jpg,1,0
7534,all_crop/chair7534_2009_001426.jpg,1,0
15626,all_crop/person15626_2008_002946.jpg,1,0
15938,all_crop/person15938_2008_004046.jpg,1,0
11542,all_crop/motorbike11542_2010_003605.jpg,1,0
15357,all_crop/person15357_2008_002132.jpg,1,0
3165,all_crop/bottle3165_2010_000213.jpg,1,0
4446,all_crop/car4446_2008_002875.jpg,1,0
19549,all_crop/sofa19549_2008_004887.jpg,1,0
1017,all_crop/bicycle1017_2008_005147.jpg,1,0
14800,all_crop/person14800_2008_000609.jpg,1,0
8878,all_crop/diningtable8878_2009_005038.jpg,1,0
17315,all_crop/person17315_2010_000313.jpg,1,0
15815,all_crop/person15815_2008_003672.jpg,1,0
17538,all_crop/person17538_2010_002510.jpg,1,0
400,all_crop/aeroplane400_2008_005750.jpg,1,0
20222,all_crop/train20222_2010_002667.jpg,1,0
18352,all_crop/pottedplant18352_2008_004003.jpg,1,0
15329,all_crop/person15329_2008_002086.jpg,1,0
17666,all_crop/person17666_2010_003446.jpg,1,0
2466,all_crop/boat2466_2008_005156.jpg,1,0
16544,all_crop/person16544_2008_007923.jpg,1,0
15695,all_crop/person15695_2008_003228.jpg,1,0
17597,all_crop/person17597_2010_002902.jpg,1,0
15157,all_crop/person15157_2008_001638.jpg,1,0
17792,all_crop/person17792_2010_004596.jpg,1,0
16168,all_crop/person16168_2008_005110.jpg,1,0
8942,all_crop/diningtable8942_2010_004380.jpg,1,0
18559,all_crop/pottedplant18559_2010_000027.jpg,1,0
18633,all_crop/pottedplant18633_2010_005187.jpg,1,0
8958,all_crop/diningtable8958_2010_005626.jpg,1,0
16776,all_crop/person16776_2009_000726.jpg,1,0
16282,all_crop/person16282_2008_005881.jpg,1,0
17169,all_crop/person17169_2009_004205.jpg,1,0
17467,all_crop/person17467_2010_001757.jpg,1,0
19709,all_crop/sofa19709_2010_001327.jpg,1,0
15660,all_crop/person15660_2008_003062.jpg,1,0
14909,all_crop/person14909_2008_000950.jpg,1,0
4696,all_crop/car4696_2009_000726.jpg,1,0
3587,all_crop/bus3587_2009_002532.jpg,1,0
17503,all_crop/person17503_2010_002161.jpg,1,0
16260,all_crop/person16260_2008_005779.jpg,1,0
11374,all_crop/motorbike11374_2008_006205.jpg,1,0
11515,all_crop/motorbike11515_2010_000695.jpg,1,0
16183,all_crop/person16183_2008_005197.jpg,1,0
15956,all_crop/person15956_2008_004105.jpg,1,0
15826,all_crop/person15826_2008_003684.jpg,1,0
596,all_crop/aeroplane596_2010_002310.jpg,1,0
546,all_crop/aeroplane546_2009_004203.jpg,1,0
7246,all_crop/chair7246_2008_003432.jpg,1,0
15690,all_crop/person15690_2008_003205.jpg,1,0
16496,all_crop/person16496_2008_007525.jpg,1,0
2947,all_crop/bottle2947_2008_002372.jpg,1,0
4937,all_crop/car4937_2010_003129.jpg,1,0
17562,all_crop/person17562_2010_002725.jpg,1,0
7586,all_crop/chair7586_2009_002257.jpg,1,0
3648,all_crop/bus3648_2010_000524.jpg,1,0
17008,all_crop/person17008_2009_002790.jpg,1,0
15312,all_crop/person15312_2008_002037.jpg,1,0
18432,all_crop/pottedplant18432_2008_007831.jpg,1,0
15301,all_crop/person15301_2008_001998.jpg,1,0
4506,all_crop/car4506_2008_004482.jpg,1,0
11449,all_crop/motorbike11449_2009_001759.jpg,1,0
1212,all_crop/bicycle1212_2010_001921.jpg,1,0
4719,all_crop/car4719_2009_001811.jpg,1,0
16487,all_crop/person16487_2008_007452.jpg,1,0
18624,all_crop/pottedplant18624_2010_004908.jpg,1,0
17629,all_crop/person17629_2010_003122.jpg,1,0
1230,all_crop/bicycle1230_2010_003503.jpg,1,0
2938,all_crop/bottle2938_2008_000911.jpg,1,0
636,all_crop/aeroplane636_2010_004312.jpg,1,0
580,all_crop/aeroplane580_2010_001024.jpg,1,0
18390,all_crop/pottedplant18390_2008_006262.jpg,1,0
2553,all_crop/boat2553_2009_001941.jpg,1,0
18347,all_crop/pottedplant18347_2008_004003.jpg,1,0
20016,all_crop/train20016_2008_002452.jpg,1,0
20173,all_crop/train20173_2009_004624.jpg,1,0
4657,all_crop/car4657_2008_007791.jpg,1,0
2948,all_crop/bottle2948_2008_002467.jpg,1,0
7935,all_crop/chair7935_2010_003302.jpg,1,0
15271,all_crop/person15271_2008_001928.jpg,1,0
15496,all_crop/person15496_2008_002588.jpg,1,0
20753,all_crop/tvmonitor20753_2009_002755.jpg,1,0
18600,all_crop/pottedplant18600_2010_002605.jpg,1,0
17556,all_crop/person17556_2010_002714.jpg,1,0
16386,all_crop/person16386_2008_006611.jpg,1,0
664,all_crop/aeroplane664_2010_006034.jpg,1,0
16774,all_crop/person16774_2009_000724.jpg,1,0
20044,all_crop/train20044_2008_006368.jpg,1,0
16060,all_crop/person16060_2008_004476.jpg,1,0
15981,all_crop/person15981_2008_004203.jpg,1,0
461,all_crop/aeroplane461_2008_008424.jpg,1,0
16968,all_crop/person16968_2009_002477.jpg,1,0
16241,all_crop/person16241_2008_005646.jpg,1,0
20053,all_crop/train20053_2008_007231.jpg,1,0
20860,all_crop/tvmonitor20860_2010_002921.jpg,1,0
8846,all_crop/diningtable8846_2009_003191.jpg,1,0
7138,all_crop/chair7138_2008_000817.jpg,1,0
20130,all_crop/train20130_2009_002568.jpg,1,0
18395,all_crop/pottedplant18395_2008_006524.jpg,1,0
16075,all_crop/person16075_2008_004510.jpg,1,0
3100,all_crop/bottle3100_2009_002594.jpg,1,0
15393,all_crop/person15393_2008_002241.jpg,1,0
11325,all_crop/motorbike11325_2008_002926.jpg,1,0
15769,all_crop/person15769_2008_003493.jpg,1,0
416,all_crop/aeroplane416_2008_006621.jpg,1,0
11413,all_crop/motorbike11413_2008_008246.jpg,1,0
537,all_crop/aeroplane537_2009_003635.jpg,1,0
16764,all_crop/person16764_2009_000661.jpg,1,0
2571,all_crop/boat2571_2009_003136.jpg,1,0
3026,all_crop/bottle3026_2008_007134.jpg,1,0
3063,all_crop/bottle3063_2009_000783.jpg,1,0
17758,all_crop/person17758_2010_004254.jpg,1,0
16288,all_crop/person16288_2008_005934.jpg,1,0
16962,all_crop/person16962_2009_002471.jpg,1,0
4771,all_crop/car4771_2009_003406.jpg,1,0
4643,all_crop/car4643_2008_007488.jpg,1,0
4942,all_crop/car4942_2010_003231.jpg,1,0
16509,all_crop/person16509_2008_007643.jpg,1,0
11332,all_crop/motorbike11332_2008_003451.jpg,1,0
16319,all_crop/person16319_2008_006120.jpg,1,0
7526,all_crop/chair7526_2009_001313.jpg,1,0
11474,all_crop/motorbike11474_2009_003196.jpg,1,0
17948,all_crop/person17948_2010_005936.jpg,1,0
2564,all_crop/boat2564_2009_002778.jpg,1,0
17162,all_crop/person17162_2009_004148.jpg,1,0
8764,all_crop/diningtable8764_2008_004140.jpg,1,0
7651,all_crop/chair7651_2009_003071.jpg,1,0
18567,all_crop/pottedplant18567_2010_000669.jpg,1,0
405,all_crop/aeroplane405_2008_006109.jpg,1,0
11301,all_crop/motorbike11301_2008_001406.jpg,1,0
4928,all_crop/car4928_2010_003120.jpg,1,0
8934,all_crop/diningtable8934_2010_003597.jpg,1,0
7471,all_crop/chair7471_2009_000198.jpg,1,0
15713,all_crop/person15713_2008_003280.jpg,1,0
15829,all_crop/person15829_2008_003684.jpg,1,0
15480,all_crop/person15480_2008_002542.jpg,1,0
15174,all_crop/person15174_2008_001669.jpg,1,0
15153,all_crop/person15153_2008_001636.jpg,1,0
2511,all_crop/boat2511_2008_007643.jpg,1,0
15215,all_crop/person15215_2008_001782.jpg,1,0
18541,all_crop/pottedplant18541_2009_005038.jpg,1,0
7990,all_crop/chair7990_2010_004778.jpg,1,0
20137,all_crop/train20137_2009_002774.jpg,1,0
17941,all_crop/person17941_2010_005871.jpg,1,0
7914,all_crop/chair7914_2010_002693.jpg,1,0
16649,all_crop/person16649_2008_008519.jpg,1,0
14876,all_crop/person14876_2008_000835.jpg,1,0
20078,all_crop/train20078_2008_008690.jpg,1,0
17003,all_crop/person17003_2009_002772.jpg,1,0
2503,all_crop/boat2503_2008_007143.jpg,1,0
15554,all_crop/person15554_2008_002752.jpg,1,0
18606,all_crop/pottedplant18606_2010_003103.jpg,1,0
436,all_crop/aeroplane436_2008_007579.jpg,1,0
3037,all_crop/bottle3037_2008_007704.jpg,1,0
4610,all_crop/car4610_2008_006844.jpg,1,0
15737,all_crop/person15737_2008_003402.jpg,1,0
3032,all_crop/bottle3032_2008_007219.jpg,1,0
20190,all_crop/train20190_2010_000321.jpg,1,0
4554,all_crop/car4554_2008_005319.jpg,1,0
1025,all_crop/bicycle1025_2008_005599.jpg,1,0
18460,all_crop/pottedplant18460_2009_000624.jpg,1,0
7527,all_crop/chair7527_2009_001313.jpg,1,0
15800,all_crop/person15800_2008_003610.jpg,1,0
3222,all_crop/bottle3222_2010_005379.jpg,1,0
3027,all_crop/bottle3027_2008_007134.jpg,1,0
18558,all_crop/pottedplant18558_2010_000027.jpg,1,0
16236,all_crop/person16236_2008_005612.jpg,1,0
540,all_crop/aeroplane540_2009_003805.jpg,1,0
16300,all_crop/person16300_2008_006047.jpg,1,0
20890,all_crop/tvmonitor20890_2010_005239.jpg,1,0
2982,all_crop/bottle2982_2008_005204.jpg,1,0
8951,all_crop/diningtable8951_2010_005046.jpg,1,0
14906,all_crop/person14906_2008_000942.jpg,1,0
17132,all_crop/person17132_2009_003991.jpg,1,0
8873,all_crop/diningtable8873_2009_004720.jpg,1,0
2396,all_crop/boat2396_2008_000120.jpg,1,0
16213,all_crop/person16213_2008_005472.jpg,1,0
8840,all_crop/diningtable8840_2009_002978.jpg,1,0
15949,all_crop/person15949_2008_004081.jpg,1,0
15918,all_crop/person15918_2008_003965.jpg,1,0
15374,all_crop/person15374_2008_002169.jpg,1,0
4544,all_crop/car4544_2008_005139.jpg,1,0
17956,all_crop/person17956_2010_006010.jpg,1,0
563,all_crop/aeroplane563_2009_005189.jpg,1,0
4621,all_crop/car4621_2008_007064.jpg,1,0
15564,all_crop/person15564_2008_002775.jpg,1,0
7752,all_crop/chair7752_2009_004532.jpg,1,0
14716,all_crop/person14716_2008_000382.jpg,1,0
20606,all_crop/tvmonitor20606_2008_003432.jpg,1,0
4783,all_crop/car4783_2009_003977.jpg,1,0
4915,all_crop/car4915_2010_002790.jpg,1,0
17142,all_crop/person17142_2009_004052.jpg,1,0
20778,all_crop/tvmonitor20778_2009_004062.jpg,1,0
16364,all_crop/person16364_2008_006382.jpg,1,0
7639,all_crop/chair7639_2009_002790.jpg,1,0
14655,all_crop/person14655_2008_000067.jpg,1,0
16717,all_crop/person16717_2009_000247.jpg,1,0
18467,all_crop/pottedplant18467_2009_001417.jpg,1,0
19615,all_crop/sofa19615_2009_001021.jpg,1,0
15039,all_crop/person15039_2008_001320.jpg,1,0
17438,all_crop/person17438_2010_001586.jpg,1,0
7535,all_crop/chair7535_2009_001426.jpg,1,0
15661,all_crop/person15661_2008_003067.jpg,1,0
4543,all_crop/car4543_2008_005139.jpg,1,0
20769,all_crop/tvmonitor20769_2009_003895.jpg,1,0
4982,all_crop/car4982_2010_004661.jpg,1,0
8778,all_crop/diningtable8778_2008_006151.jpg,1,0
4874,all_crop/car4874_2010_001403.jpg,1,0
15106,all_crop/person15106_2008_001536.jpg,1,0
