5023,all_crop/cat5023_2008_000060.jpg,0,1
5024,all_crop/cat5024_2008_000096.jpg,0,1
5025,all_crop/cat5025_2008_000112.jpg,0,1
5026,all_crop/cat5026_2008_000181.jpg,0,1
5027,all_crop/cat5027_2008_000196.jpg,0,1
5028,all_crop/cat5028_2008_000227.jpg,0,1
5029,all_crop/cat5029_2008_000502.jpg,0,1
5030,all_crop/cat5030_2008_000502.jpg,0,1
5031,all_crop/cat5031_2008_000619.jpg,0,1
5032,all_crop/cat5032_2008_000641.jpg,0,1
5033,all_crop/cat5033_2008_000724.jpg,0,1
5034,all_crop/cat5034_2008_000824.jpg,0,1
5035,all_crop/cat5035_2008_000847.jpg,0,1
5036,all_crop/cat5036_2008_000860.jpg,0,1
5037,all_crop/cat5037_2008_000999.jpg,0,1
5038,all_crop/cat5038_2008_001071.jpg,0,1
5039,all_crop/cat5039_2008_001071.jpg,0,1
5040,all_crop/cat5040_2008_001267.jpg,0,1
5041,all_crop/cat5041_2008_001335.jpg,0,1
5042,all_crop/cat5042_2008_001357.jpg,0,1
5043,all_crop/cat5043_2008_001414.jpg,0,1
5044,all_crop/cat5044_2008_001592.jpg,0,1
5045,all_crop/cat5045_2008_001610.jpg,0,1
5046,all_crop/cat5046_2008_001708.jpg,0,1
5047,all_crop/cat5047_2008_001741.jpg,0,1
5048,all_crop/cat5048_2008_001836.jpg,0,1
5049,all_crop/cat5049_2008_001836.jpg,0,1
5050,all_crop/cat5050_2008_001876.jpg,0,1
5051,all_crop/cat5051_2008_001980.jpg,0,1
5052,all_crop/cat5052_2008_002067.jpg,0,1
5053,all_crop/cat5053_2008_002177.jpg,0,1
5054,all_crop/cat5054_2008_002182.jpg,0,1
5055,all_crop/cat5055_2008_002215.jpg,0,1
5056,all_crop/cat5056_2008_002225.jpg,0,1
5057,all_crop/cat5057_2008_002225.jpg,0,1
5058,all_crop/cat5058_2008_002294.jpg,0,1
5059,all_crop/cat5059_2008_002299.jpg,0,1
5060,all_crop/cat5060_2008_002329.jpg,0,1
5061,all_crop/cat5061_2008_002583.jpg,0,1
5062,all_crop/cat5062_2008_002583.jpg,0,1
5063,all_crop/cat5063_2008_002668.jpg,0,1
5064,all_crop/cat5064_2008_002749.jpg,0,1
5065,all_crop/cat5065_2008_002793.jpg,0,1
5066,all_crop/cat5066_2008_002872.jpg,0,1
5067,all_crop/cat5067_2008_002957.jpg,0,1
5068,all_crop/cat5068_2008_003048.jpg,0,1
5069,all_crop/cat5069_2008_003063.jpg,0,1
5070,all_crop/cat5070_2008_003063.jpg,0,1
5071,all_crop/cat5071_2008_003114.jpg,0,1
5072,all_crop/cat5072_2008_003213.jpg,0,1
5073,all_crop/cat5073_2008_003231.jpg,0,1
5074,all_crop/cat5074_2008_003244.jpg,0,1
5075,all_crop/cat5075_2008_003303.jpg,0,1
5076,all_crop/cat5076_2008_003386.jpg,0,1
5077,all_crop/cat5077_2008_003430.jpg,0,1
5078,all_crop/cat5078_2008_003430.jpg,0,1
5079,all_crop/cat5079_2008_003501.jpg,0,1
5080,all_crop/cat5080_2008_003559.jpg,0,1
5081,all_crop/cat5081_2008_003559.jpg,0,1
5082,all_crop/cat5082_2008_003562.jpg,0,1
5083,all_crop/cat5083_2008_003622.jpg,0,1
5084,all_crop/cat5084_2008_003659.jpg,0,1
5085,all_crop/cat5085_2008_003726.jpg,0,1
5086,all_crop/cat5086_2008_003776.jpg,0,1
5087,all_crop/cat5087_2008_003841.jpg,0,1
5088,all_crop/cat5088_2008_003974.jpg,0,1
5089,all_crop/cat5089_2008_004022.jpg,0,1
5090,all_crop/cat5090_2008_004074.jpg,0,1
5091,all_crop/cat5091_2008_004120.jpg,0,1
5092,all_crop/cat5092_2008_004120.jpg,0,1
5093,all_crop/cat5093_2008_004232.jpg,0,1
5094,all_crop/cat5094_2008_004284.jpg,0,1
5095,all_crop/cat5095_2008_004303.jpg,0,1
5096,all_crop/cat5096_2008_004328.jpg,0,1
5097,all_crop/cat5097_2008_004328.jpg,0,1
5098,all_crop/cat5098_2008_004462.jpg,0,1
5099,all_crop/cat5099_2008_004490.jpg,0,1
5100,all_crop/cat5100_2008_004515.jpg,0,1
5101,all_crop/cat5101_2008_004583.jpg,0,1
5102,all_crop/cat5102_2008_004635.jpg,0,1
5103,all_crop/cat5103_2008_004672.jpg,0,1
5104,all_crop/cat5104_2008_004732.jpg,0,1
5105,all_crop/cat5105_2008_004767.jpg,0,1
5106,all_crop/cat5106_2008_004856.jpg,0,1
5107,all_crop/cat5107_2008_004856.jpg,0,1
5108,all_crop/cat5108_2008_004966.jpg,0,1
5109,all_crop/cat5109_2008_004990.jpg,0,1
5110,all_crop/cat5110_2008_005013.jpg,0,1
5111,all_crop/cat5111_2008_005064.jpg,0,1
5112,all_crop/cat5112_2008_005088.jpg,0,1
5113,all_crop/cat5113_2008_005134.jpg,0,1
5114,all_crop/cat5114_2008_005193.jpg,0,1
5115,all_crop/cat5115_2008_005247.jpg,0,1
5116,all_crop/cat5116_2008_005247.jpg,0,1
5117,all_crop/cat5117_2008_005281.jpg,0,1
5118,all_crop/cat5118_2008_005300.jpg,0,1
5119,all_crop/cat5119_2008_005331.jpg,0,1
5120,all_crop/cat5120_2008_005376.jpg,0,1
5121,all_crop/cat5121_2008_005380.jpg,0,1
5122,all_crop/cat5122_2008_005386.jpg,0,1
5123,all_crop/cat5123_2008_005449.jpg,0,1
5124,all_crop/cat5124_2008_005463.jpg,0,1
5125,all_crop/cat5125_2008_005463.jpg,0,1
5126,all_crop/cat5126_2008_005496.jpg,0,1
5127,all_crop/cat5127_2008_005496.jpg,0,1
5128,all_crop/cat5128_2008_005523.jpg,0,1
5129,all_crop/cat5129_2008_005560.jpg,0,1
5130,all_crop/cat5130_2008_005569.jpg,0,1
5131,all_crop/cat5131_2008_005600.jpg,0,1
5132,all_crop/cat5132_2008_005636.jpg,0,1
5133,all_crop/cat5133_2008_005673.jpg,0,1
5134,all_crop/cat5134_2008_005716.jpg,0,1
5135,all_crop/cat5135_2008_005770.jpg,0,1
5136,all_crop/cat5136_2008_005780.jpg,0,1
5137,all_crop/cat5137_2008_005780.jpg,0,1
5138,all_crop/cat5138_2008_005780.jpg,0,1
5139,all_crop/cat5139_2008_005853.jpg,0,1
5140,all_crop/cat5140_2008_005882.jpg,0,1
5141,all_crop/cat5141_2008_005890.jpg,0,1
5142,all_crop/cat5142_2008_005979.jpg,0,1
5143,all_crop/cat5143_2008_006081.jpg,0,1
5144,all_crop/cat5144_2008_006099.jpg,0,1
5145,all_crop/cat5145_2008_006135.jpg,0,1
5146,all_crop/cat5146_2008_006135.jpg,0,1
5147,all_crop/cat5147_2008_006194.jpg,0,1
5148,all_crop/cat5148_2008_006280.jpg,0,1
5149,all_crop/cat5149_2008_006294.jpg,0,1
5150,all_crop/cat5150_2008_006294.jpg,0,1
5151,all_crop/cat5151_2008_006294.jpg,0,1
5152,all_crop/cat5152_2008_006294.jpg,0,1
5153,all_crop/cat5153_2008_006329.jpg,0,1
5154,all_crop/cat5154_2008_006329.jpg,0,1
5155,all_crop/cat5155_2008_006351.jpg,0,1
5156,all_crop/cat5156_2008_006384.jpg,0,1
5157,all_crop/cat5157_2008_006400.jpg,0,1
5158,all_crop/cat5158_2008_006430.jpg,0,1
5159,all_crop/cat5159_2008_006462.jpg,0,1
5160,all_crop/cat5160_2008_006512.jpg,0,1
5161,all_crop/cat5161_2008_006561.jpg,0,1
5162,all_crop/cat5162_2008_006599.jpg,0,1
5163,all_crop/cat5163_2008_006629.jpg,0,1
5164,all_crop/cat5164_2008_006657.jpg,0,1
5165,all_crop/cat5165_2008_006728.jpg,0,1
5166,all_crop/cat5166_2008_006753.jpg,0,1
5167,all_crop/cat5167_2008_006753.jpg,0,1
5168,all_crop/cat5168_2008_006785.jpg,0,1
5169,all_crop/cat5169_2008_006810.jpg,0,1
5170,all_crop/cat5170_2008_006843.jpg,0,1
5171,all_crop/cat5171_2008_006868.jpg,0,1
5172,all_crop/cat5172_2008_006910.jpg,0,1
5173,all_crop/cat5173_2008_006926.jpg,0,1
5174,all_crop/cat5174_2008_006962.jpg,0,1
5175,all_crop/cat5175_2008_006962.jpg,0,1
5176,all_crop/cat5176_2008_006973.jpg,0,1
5177,all_crop/cat5177_2008_007039.jpg,0,1
5178,all_crop/cat5178_2008_007082.jpg,0,1
5179,all_crop/cat5179_2008_007085.jpg,0,1
5180,all_crop/cat5180_2008_007106.jpg,0,1
5181,all_crop/cat5181_2008_007151.jpg,0,1
5182,all_crop/cat5182_2008_007165.jpg,0,1
5183,all_crop/cat5183_2008_007165.jpg,0,1
5184,all_crop/cat5184_2008_007165.jpg,0,1
5185,all_crop/cat5185_2008_007239.jpg,0,1
5186,all_crop/cat5186_2008_007260.jpg,0,1
5187,all_crop/cat5187_2008_007289.jpg,0,1
5188,all_crop/cat5188_2008_007289.jpg,0,1
5189,all_crop/cat5189_2008_007353.jpg,0,1
5190,all_crop/cat5190_2008_007363.jpg,0,1
5191,all_crop/cat5191_2008_007469.jpg,0,1
5192,all_crop/cat5192_2008_007469.jpg,0,1
5193,all_crop/cat5193_2008_007472.jpg,0,1
5194,all_crop/cat5194_2008_007496.jpg,0,1
5195,all_crop/cat5195_2008_007589.jpg,0,1
5196,all_crop/cat5196_2008_007613.jpg,0,1
5197,all_crop/cat5197_2008_007630.jpg,0,1
5198,all_crop/cat5198_2008_007640.jpg,0,1
5199,all_crop/cat5199_2008_007683.jpg,0,1
5200,all_crop/cat5200_2008_007726.jpg,0,1
5201,all_crop/cat5201_2008_007777.jpg,0,1
5202,all_crop/cat5202_2008_007842.jpg,0,1
5203,all_crop/cat5203_2008_007873.jpg,0,1
5204,all_crop/cat5204_2008_007913.jpg,0,1
5205,all_crop/cat5205_2008_007941.jpg,0,1
5206,all_crop/cat5206_2008_007975.jpg,0,1
5207,all_crop/cat5207_2008_007977.jpg,0,1
5208,all_crop/cat5208_2008_007977.jpg,0,1
5209,all_crop/cat5209_2008_008590.jpg,0,1
5210,all_crop/cat5210_2009_000030.jpg,0,1
5211,all_crop/cat5211_2009_000132.jpg,0,1
5212,all_crop/cat5212_2009_000150.jpg,0,1
5213,all_crop/cat5213_2009_000227.jpg,0,1
5214,all_crop/cat5214_2009_000303.jpg,0,1
5215,all_crop/cat5215_2009_000350.jpg,0,1
5216,all_crop/cat5216_2009_000438.jpg,0,1
5217,all_crop/cat5217_2009_000493.jpg,0,1
5218,all_crop/cat5218_2009_000504.jpg,0,1
5219,all_crop/cat5219_2009_000504.jpg,0,1
5220,all_crop/cat5220_2009_000535.jpg,0,1
5221,all_crop/cat5221_2009_000553.jpg,0,1
5222,all_crop/cat5222_2009_000599.jpg,0,1
5223,all_crop/cat5223_2009_000638.jpg,0,1
5224,all_crop/cat5224_2009_000684.jpg,0,1
5225,all_crop/cat5225_2009_000684.jpg,0,1
5226,all_crop/cat5226_2009_000745.jpg,0,1
5227,all_crop/cat5227_2009_000854.jpg,0,1
5228,all_crop/cat5228_2009_000902.jpg,0,1
5229,all_crop/cat5229_2009_000915.jpg,0,1
5230,all_crop/cat5230_2009_000970.jpg,0,1
5231,all_crop/cat5231_2009_001037.jpg,0,1
5232,all_crop/cat5232_2009_001081.jpg,0,1
5233,all_crop/cat5233_2009_001117.jpg,0,1
5234,all_crop/cat5234_2009_001117.jpg,0,1
5235,all_crop/cat5235_2009_001117.jpg,0,1
5236,all_crop/cat5236_2009_001117.jpg,0,1
5237,all_crop/cat5237_2009_001153.jpg,0,1
5238,all_crop/cat5238_2009_001205.jpg,0,1
5239,all_crop/cat5239_2009_001260.jpg,0,1
5240,all_crop/cat5240_2009_001270.jpg,0,1
5241,all_crop/cat5241_2009_001305.jpg,0,1
5242,all_crop/cat5242_2009_001369.jpg,0,1
5243,all_crop/cat5243_2009_001444.jpg,0,1
5244,all_crop/cat5244_2009_001450.jpg,0,1
5245,all_crop/cat5245_2009_001502.jpg,0,1
5246,all_crop/cat5246_2009_001550.jpg,0,1
5247,all_crop/cat5247_2009_001689.jpg,0,1
5248,all_crop/cat5248_2009_001719.jpg,0,1
5249,all_crop/cat5249_2009_001894.jpg,0,1
5250,all_crop/cat5250_2009_001933.jpg,0,1
5251,all_crop/cat5251_2009_001948.jpg,0,1
5252,all_crop/cat5252_2009_002040.jpg,0,1
5253,all_crop/cat5253_2009_002104.jpg,0,1
5254,all_crop/cat5254_2009_002176.jpg,0,1
5255,all_crop/cat5255_2009_002311.jpg,0,1
5256,all_crop/cat5256_2009_002311.jpg,0,1
5257,all_crop/cat5257_2009_002352.jpg,0,1
5258,all_crop/cat5258_2009_002429.jpg,0,1
5259,all_crop/cat5259_2009_002439.jpg,0,1
5260,all_crop/cat5260_2009_002504.jpg,0,1
5261,all_crop/cat5261_2009_002561.jpg,0,1
5262,all_crop/cat5262_2009_002615.jpg,0,1
5263,all_crop/cat5263_2009_002628.jpg,0,1
5264,all_crop/cat5264_2009_002704.jpg,0,1
5265,all_crop/cat5265_2009_002813.jpg,0,1
5266,all_crop/cat5266_2009_002855.jpg,0,1
5267,all_crop/cat5267_2009_002917.jpg,0,1
5268,all_crop/cat5268_2009_002955.jpg,0,1
5269,all_crop/cat5269_2009_002961.jpg,0,1
5270,all_crop/cat5270_2009_002972.jpg,0,1
5271,all_crop/cat5271_2009_003056.jpg,0,1
5272,all_crop/cat5272_2009_003077.jpg,0,1
5273,all_crop/cat5273_2009_003118.jpg,0,1
5274,all_crop/cat5274_2009_003165.jpg,0,1
5275,all_crop/cat5275_2009_003222.jpg,0,1
5276,all_crop/cat5276_2009_003272.jpg,0,1
5277,all_crop/cat5277_2009_003350.jpg,0,1
5278,all_crop/cat5278_2009_003419.jpg,0,1
5279,all_crop/cat5279_2009_003489.jpg,0,1
5280,all_crop/cat5280_2009_003541.jpg,0,1
5281,all_crop/cat5281_2009_003601.jpg,0,1
5282,all_crop/cat5282_2009_003605.jpg,0,1
5283,all_crop/cat5283_2009_003647.jpg,0,1
5284,all_crop/cat5284_2009_003654.jpg,0,1
5285,all_crop/cat5285_2009_003660.jpg,0,1
5286,all_crop/cat5286_2009_003660.jpg,0,1
5287,all_crop/cat5287_2009_003660.jpg,0,1
5288,all_crop/cat5288_2009_003663.jpg,0,1
5289,all_crop/cat5289_2009_003697.jpg,0,1
5290,all_crop/cat5290_2009_003783.jpg,0,1
5291,all_crop/cat5291_2009_003867.jpg,0,1
5292,all_crop/cat5292_2009_003921.jpg,0,1
5293,all_crop/cat5293_2009_003985.jpg,0,1
5294,all_crop/cat5294_2009_004073.jpg,0,1
5295,all_crop/cat5295_2009_004083.jpg,0,1
5296,all_crop/cat5296_2009_004176.jpg,0,1
5297,all_crop/cat5297_2009_004183.jpg,0,1
5298,all_crop/cat5298_2009_004225.jpg,0,1
5299,all_crop/cat5299_2009_004225.jpg,0,1
5300,all_crop/cat5300_2009_004234.jpg,0,1
5301,all_crop/cat5301_2009_004261.jpg,0,1
5302,all_crop/cat5302_2009_004358.jpg,0,1
5303,all_crop/cat5303_2009_004394.jpg,0,1
5304,all_crop/cat5304_2009_004424.jpg,0,1
5305,all_crop/cat5305_2009_004434.jpg,0,1
5306,all_crop/cat5306_2009_004442.jpg,0,1
5307,all_crop/cat5307_2009_004442.jpg,0,1
5308,all_crop/cat5308_2009_004477.jpg,0,1
5309,all_crop/cat5309_2009_004598.jpg,0,1
5310,all_crop/cat5310_2009_004639.jpg,0,1
5311,all_crop/cat5311_2009_004683.jpg,0,1
5312,all_crop/cat5312_2009_004705.jpg,0,1
5313,all_crop/cat5313_2009_004779.jpg,0,1
5314,all_crop/cat5314_2009_004813.jpg,0,1
5315,all_crop/cat5315_2009_004813.jpg,0,1
5316,all_crop/cat5316_2009_004813.jpg,0,1
5317,all_crop/cat5317_2009_004877.jpg,0,1
5318,all_crop/cat5318_2009_004887.jpg,0,1
5319,all_crop/cat5319_2009_004953.jpg,0,1
5320,all_crop/cat5320_2009_004983.jpg,0,1
5321,all_crop/cat5321_2009_004999.jpg,0,1
5322,all_crop/cat5322_2009_005037.jpg,0,1
5323,all_crop/cat5323_2009_005051.jpg,0,1
5324,all_crop/cat5324_2009_005095.jpg,0,1
5325,all_crop/cat5325_2009_005160.jpg,0,1
5326,all_crop/cat5326_2009_005177.jpg,0,1
5327,all_crop/cat5327_2009_005177.jpg,0,1
5328,all_crop/cat5328_2009_005177.jpg,0,1
5329,all_crop/cat5329_2009_005236.jpg,0,1
5330,all_crop/cat5330_2009_005236.jpg,0,1
5331,all_crop/cat5331_2009_005251.jpg,0,1
5332,all_crop/cat5332_2010_000009.jpg,0,1
5333,all_crop/cat5333_2010_000043.jpg,0,1
5334,all_crop/cat5334_2010_000048.jpg,0,1
5335,all_crop/cat5335_2010_000067.jpg,0,1
5336,all_crop/cat5336_2010_000109.jpg,0,1
5337,all_crop/cat5337_2010_000114.jpg,0,1
5338,all_crop/cat5338_2010_000157.jpg,0,1
5339,all_crop/cat5339_2010_000182.jpg,0,1
5340,all_crop/cat5340_2010_000224.jpg,0,1
5341,all_crop/cat5341_2010_000244.jpg,0,1
5342,all_crop/cat5342_2010_000269.jpg,0,1
5343,all_crop/cat5343_2010_000303.jpg,0,1
5344,all_crop/cat5344_2010_000347.jpg,0,1
5345,all_crop/cat5345_2010_000389.jpg,0,1
5346,all_crop/cat5346_2010_000404.jpg,0,1
5347,all_crop/cat5347_2010_000439.jpg,0,1
5348,all_crop/cat5348_2010_000458.jpg,0,1
5349,all_crop/cat5349_2010_000469.jpg,0,1
5350,all_crop/cat5350_2010_000488.jpg,0,1
5351,all_crop/cat5351_2010_000500.jpg,0,1
5352,all_crop/cat5352_2010_000519.jpg,0,1
5353,all_crop/cat5353_2010_000538.jpg,0,1
5354,all_crop/cat5354_2010_000576.jpg,0,1
5355,all_crop/cat5355_2010_000616.jpg,0,1
5356,all_crop/cat5356_2010_000661.jpg,0,1
5357,all_crop/cat5357_2010_000675.jpg,0,1
5358,all_crop/cat5358_2010_000687.jpg,0,1
5359,all_crop/cat5359_2010_000687.jpg,0,1
5360,all_crop/cat5360_2010_000694.jpg,0,1
5361,all_crop/cat5361_2010_000694.jpg,0,1
5362,all_crop/cat5362_2010_000702.jpg,0,1
5363,all_crop/cat5363_2010_000769.jpg,0,1
5364,all_crop/cat5364_2010_000799.jpg,0,1
5365,all_crop/cat5365_2010_000815.jpg,0,1
5366,all_crop/cat5366_2010_000842.jpg,0,1
5367,all_crop/cat5367_2010_000872.jpg,0,1
5368,all_crop/cat5368_2010_000914.jpg,0,1
5369,all_crop/cat5369_2010_000971.jpg,0,1
5370,all_crop/cat5370_2010_000974.jpg,0,1
5371,all_crop/cat5371_2010_001012.jpg,0,1
5372,all_crop/cat5372_2010_001025.jpg,0,1
5373,all_crop/cat5373_2010_001054.jpg,0,1
5374,all_crop/cat5374_2010_001100.jpg,0,1
5375,all_crop/cat5375_2010_001103.jpg,0,1
5376,all_crop/cat5376_2010_001103.jpg,0,1
5377,all_crop/cat5377_2010_001140.jpg,0,1
5378,all_crop/cat5378_2010_001177.jpg,0,1
5379,all_crop/cat5379_2010_001193.jpg,0,1
5380,all_crop/cat5380_2010_001195.jpg,0,1
5381,all_crop/cat5381_2010_001240.jpg,0,1
5382,all_crop/cat5382_2010_001247.jpg,0,1
5383,all_crop/cat5383_2010_001247.jpg,0,1
5384,all_crop/cat5384_2010_001247.jpg,0,1
5385,all_crop/cat5385_2010_001247.jpg,0,1
5386,all_crop/cat5386_2010_001328.jpg,0,1
5387,all_crop/cat5387_2010_001344.jpg,0,1
5388,all_crop/cat5388_2010_001347.jpg,0,1
5389,all_crop/cat5389_2010_001361.jpg,0,1
5390,all_crop/cat5390_2010_001385.jpg,0,1
5391,all_crop/cat5391_2010_001386.jpg,0,1
5392,all_crop/cat5392_2010_001401.jpg,0,1
5393,all_crop/cat5393_2010_001402.jpg,0,1
5394,all_crop/cat5394_2010_001418.jpg,0,1
5395,all_crop/cat5395_2010_001435.jpg,0,1
5396,all_crop/cat5396_2010_001457.jpg,0,1
5397,all_crop/cat5397_2010_001465.jpg,0,1
5398,all_crop/cat5398_2010_001499.jpg,0,1
5399,all_crop/cat5399_2010_001555.jpg,0,1
5400,all_crop/cat5400_2010_001590.jpg,0,1
5401,all_crop/cat5401_2010_001602.jpg,0,1
5402,all_crop/cat5402_2010_001647.jpg,0,1
5403,all_crop/cat5403_2010_001660.jpg,0,1
5404,all_crop/cat5404_2010_001700.jpg,0,1
5405,all_crop/cat5405_2010_001744.jpg,0,1
5406,all_crop/cat5406_2010_001744.jpg,0,1
5407,all_crop/cat5407_2010_001747.jpg,0,1
5408,all_crop/cat5408_2010_001794.jpg,0,1
5409,all_crop/cat5409_2010_001842.jpg,0,1
5410,all_crop/cat5410_2010_001884.jpg,0,1
5411,all_crop/cat5411_2010_001885.jpg,0,1
5412,all_crop/cat5412_2010_001934.jpg,0,1
5413,all_crop/cat5413_2010_001934.jpg,0,1
5414,all_crop/cat5414_2010_001934.jpg,0,1
5415,all_crop/cat5415_2010_001939.jpg,0,1
5416,all_crop/cat5416_2010_001957.jpg,0,1
5417,all_crop/cat5417_2010_001994.jpg,0,1
5418,all_crop/cat5418_2010_002026.jpg,0,1
5419,all_crop/cat5419_2010_002057.jpg,0,1
5420,all_crop/cat5420_2010_002068.jpg,0,1
5421,all_crop/cat5421_2010_002068.jpg,0,1
5422,all_crop/cat5422_2010_002118.jpg,0,1
5423,all_crop/cat5423_2010_002136.jpg,0,1
5424,all_crop/cat5424_2010_002136.jpg,0,1
5425,all_crop/cat5425_2010_002143.jpg,0,1
5426,all_crop/cat5426_2010_002177.jpg,0,1
5427,all_crop/cat5427_2010_002204.jpg,0,1
5428,all_crop/cat5428_2010_002243.jpg,0,1
5429,all_crop/cat5429_2010_002278.jpg,0,1
5430,all_crop/cat5430_2010_002286.jpg,0,1
5431,all_crop/cat5431_2010_002333.jpg,0,1
5432,all_crop/cat5432_2010_002371.jpg,0,1
5433,all_crop/cat5433_2010_002371.jpg,0,1
5434,all_crop/cat5434_2010_002392.jpg,0,1
5435,all_crop/cat5435_2010_002425.jpg,0,1
5436,all_crop/cat5436_2010_002472.jpg,0,1
5437,all_crop/cat5437_2010_002485.jpg,0,1
5438,all_crop/cat5438_2010_002529.jpg,0,1
5439,all_crop/cat5439_2010_002553.jpg,0,1
5440,all_crop/cat5440_2010_002573.jpg,0,1
5441,all_crop/cat5441_2010_002583.jpg,0,1
5442,all_crop/cat5442_2010_002583.jpg,0,1
5443,all_crop/cat5443_2010_002594.jpg,0,1
5444,all_crop/cat5444_2010_002625.jpg,0,1
5445,all_crop/cat5445_2010_002626.jpg,0,1
5446,all_crop/cat5446_2010_002662.jpg,0,1
5447,all_crop/cat5447_2010_002692.jpg,0,1
5448,all_crop/cat5448_2010_002746.jpg,0,1
5449,all_crop/cat5449_2010_002778.jpg,0,1
5450,all_crop/cat5450_2010_002811.jpg,0,1
5451,all_crop/cat5451_2010_002831.jpg,0,1
5452,all_crop/cat5452_2010_002855.jpg,0,1
5453,all_crop/cat5453_2010_002891.jpg,0,1
5454,all_crop/cat5454_2010_002909.jpg,0,1
5455,all_crop/cat5455_2010_002917.jpg,0,1
5456,all_crop/cat5456_2010_002917.jpg,0,1
5457,all_crop/cat5457_2010_002955.jpg,0,1
5458,all_crop/cat5458_2010_002973.jpg,0,1
5459,all_crop/cat5459_2010_002976.jpg,0,1
5460,all_crop/cat5460_2010_002990.jpg,0,1
5461,all_crop/cat5461_2010_003032.jpg,0,1
5462,all_crop/cat5462_2010_003050.jpg,0,1
5463,all_crop/cat5463_2010_003106.jpg,0,1
5464,all_crop/cat5464_2010_003151.jpg,0,1
5465,all_crop/cat5465_2010_003174.jpg,0,1
5466,all_crop/cat5466_2010_003197.jpg,0,1
5467,all_crop/cat5467_2010_003227.jpg,0,1
5468,all_crop/cat5468_2010_003230.jpg,0,1
5469,all_crop/cat5469_2010_003238.jpg,0,1
5470,all_crop/cat5470_2010_003291.jpg,0,1
5471,all_crop/cat5471_2010_003309.jpg,0,1
5472,all_crop/cat5472_2010_003337.jpg,0,1
5473,all_crop/cat5473_2010_003371.jpg,0,1
5474,all_crop/cat5474_2010_003421.jpg,0,1
5475,all_crop/cat5475_2010_003435.jpg,0,1
5476,all_crop/cat5476_2010_003481.jpg,0,1
5477,all_crop/cat5477_2010_003483.jpg,0,1
5478,all_crop/cat5478_2010_003509.jpg,0,1
5479,all_crop/cat5479_2010_003539.jpg,0,1
5480,all_crop/cat5480_2010_003551.jpg,0,1
5481,all_crop/cat5481_2010_003598.jpg,0,1
5482,all_crop/cat5482_2010_003665.jpg,0,1
5483,all_crop/cat5483_2010_003672.jpg,0,1
5484,all_crop/cat5484_2010_003696.jpg,0,1
5485,all_crop/cat5485_2010_003747.jpg,0,1
5486,all_crop/cat5486_2010_003752.jpg,0,1
5487,all_crop/cat5487_2010_003773.jpg,0,1
5488,all_crop/cat5488_2010_003818.jpg,0,1
5489,all_crop/cat5489_2010_003845.jpg,0,1
5490,all_crop/cat5490_2010_003875.jpg,0,1
5491,all_crop/cat5491_2010_003887.jpg,0,1
5492,all_crop/cat5492_2010_003887.jpg,0,1
5493,all_crop/cat5493_2010_003925.jpg,0,1
5494,all_crop/cat5494_2010_003937.jpg,0,1
5495,all_crop/cat5495_2010_003950.jpg,0,1
5496,all_crop/cat5496_2010_003974.jpg,0,1
5497,all_crop/cat5497_2010_003982.jpg,0,1
5498,all_crop/cat5498_2010_004002.jpg,0,1
5499,all_crop/cat5499_2010_004007.jpg,0,1
5500,all_crop/cat5500_2010_004007.jpg,0,1
5501,all_crop/cat5501_2010_004007.jpg,0,1
5502,all_crop/cat5502_2010_004008.jpg,0,1
5503,all_crop/cat5503_2010_004048.jpg,0,1
5504,all_crop/cat5504_2010_004060.jpg,0,1
5505,all_crop/cat5505_2010_004133.jpg,0,1
5506,all_crop/cat5506_2010_004144.jpg,0,1
5507,all_crop/cat5507_2010_004171.jpg,0,1
5508,all_crop/cat5508_2010_004175.jpg,0,1
5509,all_crop/cat5509_2010_004197.jpg,0,1
5510,all_crop/cat5510_2010_004244.jpg,0,1
5511,all_crop/cat5511_2010_004271.jpg,0,1
5512,all_crop/cat5512_2010_004301.jpg,0,1
5513,all_crop/cat5513_2010_004306.jpg,0,1
5514,all_crop/cat5514_2010_004327.jpg,0,1
5515,all_crop/cat5515_2010_004346.jpg,0,1
5516,all_crop/cat5516_2010_004365.jpg,0,1
5517,all_crop/cat5517_2010_004402.jpg,0,1
5518,all_crop/cat5518_2010_004448.jpg,0,1
5519,all_crop/cat5519_2010_004467.jpg,0,1
5520,all_crop/cat5520_2010_004501.jpg,0,1
5521,all_crop/cat5521_2010_004518.jpg,0,1
5522,all_crop/cat5522_2010_004540.jpg,0,1
5523,all_crop/cat5523_2010_004573.jpg,0,1
5524,all_crop/cat5524_2010_004575.jpg,0,1
5525,all_crop/cat5525_2010_004621.jpg,0,1
5526,all_crop/cat5526_2010_004621.jpg,0,1
5527,all_crop/cat5527_2010_004638.jpg,0,1
5528,all_crop/cat5528_2010_004646.jpg,0,1
5529,all_crop/cat5529_2010_004676.jpg,0,1
5530,all_crop/cat5530_2010_004712.jpg,0,1
5531,all_crop/cat5531_2010_004717.jpg,0,1
5532,all_crop/cat5532_2010_004760.jpg,0,1
5533,all_crop/cat5533_2010_004808.jpg,0,1
5534,all_crop/cat5534_2010_004816.jpg,0,1
5535,all_crop/cat5535_2010_004822.jpg,0,1
5536,all_crop/cat5536_2010_004841.jpg,0,1
5537,all_crop/cat5537_2010_004874.jpg,0,1
5538,all_crop/cat5538_2010_004918.jpg,0,1
5539,all_crop/cat5539_2010_004933.jpg,0,1
5540,all_crop/cat5540_2010_004963.jpg,0,1
5541,all_crop/cat5541_2010_004968.jpg,0,1
5542,all_crop/cat5542_2010_004973.jpg,0,1
5543,all_crop/cat5543_2010_005017.jpg,0,1
5544,all_crop/cat5544_2010_005072.jpg,0,1
5545,all_crop/cat5545_2010_005099.jpg,0,1
5546,all_crop/cat5546_2010_005128.jpg,0,1
5547,all_crop/cat5547_2010_005161.jpg,0,1
5548,all_crop/cat5548_2010_005193.jpg,0,1
5549,all_crop/cat5549_2010_005202.jpg,0,1
5550,all_crop/cat5550_2010_005216.jpg,0,1
5551,all_crop/cat5551_2010_005232.jpg,0,1
5552,all_crop/cat5552_2010_005238.jpg,0,1
5553,all_crop/cat5553_2010_005241.jpg,0,1
5554,all_crop/cat5554_2010_005257.jpg,0,1
5555,all_crop/cat5555_2010_005275.jpg,0,1
5556,all_crop/cat5556_2010_005312.jpg,0,1
5557,all_crop/cat5557_2010_005317.jpg,0,1
5558,all_crop/cat5558_2010_005386.jpg,0,1
5559,all_crop/cat5559_2010_005408.jpg,0,1
5560,all_crop/cat5560_2010_005442.jpg,0,1
5561,all_crop/cat5561_2010_005462.jpg,0,1
5562,all_crop/cat5562_2010_005492.jpg,0,1
5563,all_crop/cat5563_2010_005505.jpg,0,1
5564,all_crop/cat5564_2010_005513.jpg,0,1
5565,all_crop/cat5565_2010_005513.jpg,0,1
5566,all_crop/cat5566_2010_005535.jpg,0,1
5567,all_crop/cat5567_2010_005573.jpg,0,1
5568,all_crop/cat5568_2010_005614.jpg,0,1
5569,all_crop/cat5569_2010_005627.jpg,0,1
5570,all_crop/cat5570_2010_005627.jpg,0,1
5571,all_crop/cat5571_2010_005652.jpg,0,1
5572,all_crop/cat5572_2010_005696.jpg,0,1
5573,all_crop/cat5573_2010_005732.jpg,0,1
5574,all_crop/cat5574_2010_005735.jpg,0,1
5575,all_crop/cat5575_2010_005791.jpg,0,1
5576,all_crop/cat5576_2010_005796.jpg,0,1
5577,all_crop/cat5577_2010_005805.jpg,0,1
5578,all_crop/cat5578_2010_005821.jpg,0,1
5579,all_crop/cat5579_2010_005855.jpg,0,1
5580,all_crop/cat5580_2010_005892.jpg,0,1
5581,all_crop/cat5581_2010_005906.jpg,0,1
5582,all_crop/cat5582_2010_005935.jpg,0,1
5583,all_crop/cat5583_2010_005948.jpg,0,1
5584,all_crop/cat5584_2010_005975.jpg,0,1
5585,all_crop/cat5585_2010_005984.jpg,0,1
5586,all_crop/cat5586_2010_006040.jpg,0,1
5587,all_crop/cat5587_2010_006078.jpg,0,1
5588,all_crop/cat5588_2008_000056.jpg,0,0
5589,all_crop/cat5589_2008_000062.jpg,0,0
5590,all_crop/cat5590_2008_000115.jpg,0,0
5591,all_crop/cat5591_2008_000116.jpg,0,0
5592,all_crop/cat5592_2008_000182.jpg,0,0
5593,all_crop/cat5593_2008_000222.jpg,0,0
5594,all_crop/cat5594_2008_000306.jpg,0,0
5595,all_crop/cat5595_2008_000345.jpg,0,0
5596,all_crop/cat5596_2008_000358.jpg,0,0
5597,all_crop/cat5597_2008_000401.jpg,0,0
5598,all_crop/cat5598_2008_000464.jpg,0,0
5599,all_crop/cat5599_2008_000536.jpg,0,0
5600,all_crop/cat5600_2008_000581.jpg,0,0
5601,all_crop/cat5601_2008_000660.jpg,0,0
5602,all_crop/cat5602_2008_000670.jpg,0,0
5603,all_crop/cat5603_2008_000793.jpg,0,0
5604,all_crop/cat5604_2008_000839.jpg,0,0
5605,all_crop/cat5605_2008_000853.jpg,0,0
5606,all_crop/cat5606_2008_000950.jpg,0,0
5607,all_crop/cat5607_2008_001004.jpg,0,0
5608,all_crop/cat5608_2008_001078.jpg,0,0
5609,all_crop/cat5609_2008_001111.jpg,0,0
5610,all_crop/cat5610_2008_001210.jpg,0,0
5611,all_crop/cat5611_2008_001290.jpg,0,0
5612,all_crop/cat5612_2008_001350.jpg,0,0
5613,all_crop/cat5613_2008_001374.jpg,0,0
5614,all_crop/cat5614_2008_001433.jpg,0,0
5615,all_crop/cat5615_2008_001513.jpg,0,0
5616,all_crop/cat5616_2008_001640.jpg,0,0
5617,all_crop/cat5617_2008_001792.jpg,0,0
5618,all_crop/cat5618_2008_001792.jpg,0,0
5619,all_crop/cat5619_2008_001885.jpg,0,0
5620,all_crop/cat5620_2008_002004.jpg,0,0
5621,all_crop/cat5621_2008_002045.jpg,0,0
5622,all_crop/cat5622_2008_002045.jpg,0,0
5623,all_crop/cat5623_2008_002152.jpg,0,0
5624,all_crop/cat5624_2008_002152.jpg,0,0
5625,all_crop/cat5625_2008_002152.jpg,0,0
5626,all_crop/cat5626_2008_002201.jpg,0,0
5627,all_crop/cat5627_2008_002234.jpg,0,0
5628,all_crop/cat5628_2008_002293.jpg,0,0
5629,all_crop/cat5629_2008_002298.jpg,0,0
5630,all_crop/cat5630_2008_002298.jpg,0,0
5631,all_crop/cat5631_2008_002410.jpg,0,0
5632,all_crop/cat5632_2008_002410.jpg,0,0
5633,all_crop/cat5633_2008_002597.jpg,0,0
5634,all_crop/cat5634_2008_002623.jpg,0,0
5635,all_crop/cat5635_2008_002681.jpg,0,0
5636,all_crop/cat5636_2008_002682.jpg,0,0
5637,all_crop/cat5637_2008_002766.jpg,0,0
5638,all_crop/cat5638_2008_002845.jpg,0,0
5639,all_crop/cat5639_2008_002899.jpg,0,0
5640,all_crop/cat5640_2008_003045.jpg,0,0
5641,all_crop/cat5641_2008_003052.jpg,0,0
5642,all_crop/cat5642_2008_003088.jpg,0,0
5643,all_crop/cat5643_2008_003104.jpg,0,0
5644,all_crop/cat5644_2008_003167.jpg,0,0
5645,all_crop/cat5645_2008_003228.jpg,0,0
5646,all_crop/cat5646_2008_003239.jpg,0,0
5647,all_crop/cat5647_2008_003239.jpg,0,0
5648,all_crop/cat5648_2008_003343.jpg,0,0
5649,all_crop/cat5649_2008_003420.jpg,0,0
5650,all_crop/cat5650_2008_003499.jpg,0,0
5651,all_crop/cat5651_2008_003519.jpg,0,0
5652,all_crop/cat5652_2008_003557.jpg,0,0
5653,all_crop/cat5653_2008_003557.jpg,0,0
5654,all_crop/cat5654_2008_003607.jpg,0,0
5655,all_crop/cat5655_2008_003624.jpg,0,0
5656,all_crop/cat5656_2008_003704.jpg,0,0
5657,all_crop/cat5657_2008_003772.jpg,0,0
5658,all_crop/cat5658_2008_003772.jpg,0,0
5659,all_crop/cat5659_2008_003932.jpg,0,0
5660,all_crop/cat5660_2008_004006.jpg,0,0
5661,all_crop/cat5661_2008_004048.jpg,0,0
5662,all_crop/cat5662_2008_004119.jpg,0,0
5663,all_crop/cat5663_2008_004155.jpg,0,0
5664,all_crop/cat5664_2008_004189.jpg,0,0
5665,all_crop/cat5665_2008_004257.jpg,0,0
5666,all_crop/cat5666_2008_004290.jpg,0,0
5667,all_crop/cat5667_2008_004347.jpg,0,0
5668,all_crop/cat5668_2008_004374.jpg,0,0
5669,all_crop/cat5669_2008_004422.jpg,0,0
5670,all_crop/cat5670_2008_004538.jpg,0,0
5671,all_crop/cat5671_2008_004540.jpg,0,0
5672,all_crop/cat5672_2008_004579.jpg,0,0
5673,all_crop/cat5673_2008_004579.jpg,0,0
5674,all_crop/cat5674_2008_004640.jpg,0,0
5675,all_crop/cat5675_2008_004688.jpg,0,0
5676,all_crop/cat5676_2008_004736.jpg,0,0
5677,all_crop/cat5677_2008_004797.jpg,0,0
5678,all_crop/cat5678_2008_004873.jpg,0,0
5679,all_crop/cat5679_2008_004933.jpg,0,0
5680,all_crop/cat5680_2008_004967.jpg,0,0
5681,all_crop/cat5681_2008_005003.jpg,0,0
5682,all_crop/cat5682_2008_005061.jpg,0,0
5683,all_crop/cat5683_2008_005072.jpg,0,0
5684,all_crop/cat5684_2008_005109.jpg,0,0
5685,all_crop/cat5685_2008_005181.jpg,0,0
5686,all_crop/cat5686_2008_005235.jpg,0,0
5687,all_crop/cat5687_2008_005252.jpg,0,0
5688,all_crop/cat5688_2008_005270.jpg,0,0
5689,all_crop/cat5689_2008_005288.jpg,0,0
5690,all_crop/cat5690_2008_005309.jpg,0,0
5691,all_crop/cat5691_2008_005337.jpg,0,0
5692,all_crop/cat5692_2008_005337.jpg,0,0
5693,all_crop/cat5693_2008_005337.jpg,0,0
5694,all_crop/cat5694_2008_005337.jpg,0,0
5695,all_crop/cat5695_2008_005421.jpg,0,0
5696,all_crop/cat5696_2008_005460.jpg,0,0
5697,all_crop/cat5697_2008_005469.jpg,0,0
5698,all_crop/cat5698_2008_005480.jpg,0,0
5699,all_crop/cat5699_2008_005510.jpg,0,0
5700,all_crop/cat5700_2008_005510.jpg,0,0
5701,all_crop/cat5701_2008_005550.jpg,0,0
5702,all_crop/cat5702_2008_005566.jpg,0,0
5703,all_crop/cat5703_2008_005574.jpg,0,0
5704,all_crop/cat5704_2008_005614.jpg,0,0
5705,all_crop/cat5705_2008_005657.jpg,0,0
5706,all_crop/cat5706_2008_005699.jpg,0,0
5707,all_crop/cat5707_2008_005735.jpg,0,0
5708,all_crop/cat5708_2008_005777.jpg,0,0
5709,all_crop/cat5709_2008_005777.jpg,0,0
5710,all_crop/cat5710_2008_005805.jpg,0,0
5711,all_crop/cat5711_2008_005816.jpg,0,0
5712,all_crop/cat5712_2008_005857.jpg,0,0
5713,all_crop/cat5713_2008_005943.jpg,0,0
5714,all_crop/cat5714_2008_005977.jpg,0,0
5715,all_crop/cat5715_2008_006050.jpg,0,0
5716,all_crop/cat5716_2008_006068.jpg,0,0
5717,all_crop/cat5717_2008_006113.jpg,0,0
5718,all_crop/cat5718_2008_006175.jpg,0,0
5719,all_crop/cat5719_2008_006190.jpg,0,0
5720,all_crop/cat5720_2008_006218.jpg,0,0
5721,all_crop/cat5721_2008_006285.jpg,0,0
5722,all_crop/cat5722_2008_006285.jpg,0,0
5723,all_crop/cat5723_2008_006307.jpg,0,0
5724,all_crop/cat5724_2008_006307.jpg,0,0
5725,all_crop/cat5725_2008_006325.jpg,0,0
5726,all_crop/cat5726_2008_006341.jpg,0,0
5727,all_crop/cat5727_2008_006347.jpg,0,0
5728,all_crop/cat5728_2008_006362.jpg,0,0
5729,all_crop/cat5729_2008_006377.jpg,0,0
5730,all_crop/cat5730_2008_006403.jpg,0,0
5731,all_crop/cat5731_2008_006449.jpg,0,0
5732,all_crop/cat5732_2008_006480.jpg,0,0
5733,all_crop/cat5733_2008_006520.jpg,0,0
5734,all_crop/cat5734_2008_006576.jpg,0,0
5735,all_crop/cat5735_2008_006609.jpg,0,0
5736,all_crop/cat5736_2008_006656.jpg,0,0
5737,all_crop/cat5737_2008_006690.jpg,0,0
5738,all_crop/cat5738_2008_006746.jpg,0,0
5739,all_crop/cat5739_2008_006765.jpg,0,0
5740,all_crop/cat5740_2008_006781.jpg,0,0
5741,all_crop/cat5741_2008_006793.jpg,0,0
5742,all_crop/cat5742_2008_006817.jpg,0,0
5743,all_crop/cat5743_2008_006817.jpg,0,0
5744,all_crop/cat5744_2008_006817.jpg,0,0
5745,all_crop/cat5745_2008_006863.jpg,0,0
5746,all_crop/cat5746_2008_006956.jpg,0,0
5747,all_crop/cat5747_2008_006967.jpg,0,0
5748,all_crop/cat5748_2008_006967.jpg,0,0
5749,all_crop/cat5749_2008_006999.jpg,0,0
5750,all_crop/cat5750_2008_007059.jpg,0,0
5751,all_crop/cat5751_2008_007086.jpg,0,0
5752,all_crop/cat5752_2008_007086.jpg,0,0
5753,all_crop/cat5753_2008_007130.jpg,0,0
5754,all_crop/cat5754_2008_007164.jpg,0,0
5755,all_crop/cat5755_2008_007176.jpg,0,0
5756,all_crop/cat5756_2008_007187.jpg,0,0
5757,all_crop/cat5757_2008_007216.jpg,0,0
5758,all_crop/cat5758_2008_007256.jpg,0,0
5759,all_crop/cat5759_2008_007269.jpg,0,0
5760,all_crop/cat5760_2008_007324.jpg,0,0
5761,all_crop/cat5761_2008_007327.jpg,0,0
5762,all_crop/cat5762_2008_007403.jpg,0,0
5763,all_crop/cat5763_2008_007404.jpg,0,0
5764,all_crop/cat5764_2008_007404.jpg,0,0
5765,all_crop/cat5765_2008_007404.jpg,0,0
5766,all_crop/cat5766_2008_007494.jpg,0,0
5767,all_crop/cat5767_2008_007548.jpg,0,0
5768,all_crop/cat5768_2008_007610.jpg,0,0
5769,all_crop/cat5769_2008_007610.jpg,0,0
5770,all_crop/cat5770_2008_007632.jpg,0,0
5771,all_crop/cat5771_2008_007662.jpg,0,0
5772,all_crop/cat5772_2008_007702.jpg,0,0
5773,all_crop/cat5773_2008_007736.jpg,0,0
5774,all_crop/cat5774_2008_007794.jpg,0,0
5775,all_crop/cat5775_2008_007855.jpg,0,0
5776,all_crop/cat5776_2008_007888.jpg,0,0
5777,all_crop/cat5777_2008_007914.jpg,0,0
5778,all_crop/cat5778_2008_007964.jpg,0,0
5779,all_crop/cat5779_2008_007989.jpg,0,0
5780,all_crop/cat5780_2008_008585.jpg,0,0
5781,all_crop/cat5781_2009_000002.jpg,0,0
5782,all_crop/cat5782_2009_000013.jpg,0,0
5783,all_crop/cat5783_2009_000013.jpg,0,0
5784,all_crop/cat5784_2009_000080.jpg,0,0
5785,all_crop/cat5785_2009_000249.jpg,0,0
5786,all_crop/cat5786_2009_000284.jpg,0,0
5787,all_crop/cat5787_2009_000304.jpg,0,0
5788,all_crop/cat5788_2009_000330.jpg,0,0
5789,all_crop/cat5789_2009_000342.jpg,0,0
5790,all_crop/cat5790_2009_000342.jpg,0,0
5791,all_crop/cat5791_2009_000366.jpg,0,0
5792,all_crop/cat5792_2009_000466.jpg,0,0
5793,all_crop/cat5793_2009_000488.jpg,0,0
5794,all_crop/cat5794_2009_000511.jpg,0,0
5795,all_crop/cat5795_2009_000566.jpg,0,0
5796,all_crop/cat5796_2009_000614.jpg,0,0
5797,all_crop/cat5797_2009_000681.jpg,0,0
5798,all_crop/cat5798_2009_000716.jpg,0,0
5799,all_crop/cat5799_2009_000782.jpg,0,0
5800,all_crop/cat5800_2009_000862.jpg,0,0
5801,all_crop/cat5801_2009_000955.jpg,0,0
5802,all_crop/cat5802_2009_000964.jpg,0,0
5803,all_crop/cat5803_2009_000966.jpg,0,0
5804,all_crop/cat5804_2009_000966.jpg,0,0
5805,all_crop/cat5805_2009_001008.jpg,0,0
5806,all_crop/cat5806_2009_001016.jpg,0,0
5807,all_crop/cat5807_2009_001057.jpg,0,0
5808,all_crop/cat5808_2009_001094.jpg,0,0
5809,all_crop/cat5809_2009_001126.jpg,0,0
5810,all_crop/cat5810_2009_001126.jpg,0,0
5811,all_crop/cat5811_2009_001198.jpg,0,0
5812,all_crop/cat5812_2009_001227.jpg,0,0
5813,all_crop/cat5813_2009_001227.jpg,0,0
5814,all_crop/cat5814_2009_001279.jpg,0,0
5815,all_crop/cat5815_2009_001361.jpg,0,0
5816,all_crop/cat5816_2009_001391.jpg,0,0
5817,all_crop/cat5817_2009_001411.jpg,0,0
5818,all_crop/cat5818_2009_001419.jpg,0,0
5819,all_crop/cat5819_2009_001484.jpg,0,0
5820,all_crop/cat5820_2009_001522.jpg,0,0
5821,all_crop/cat5821_2009_001562.jpg,0,0
5822,all_crop/cat5822_2009_001623.jpg,0,0
5823,all_crop/cat5823_2009_001623.jpg,0,0
5824,all_crop/cat5824_2009_001835.jpg,0,0
5825,all_crop/cat5825_2009_001906.jpg,0,0
5826,all_crop/cat5826_2009_001931.jpg,0,0
5827,all_crop/cat5827_2009_002008.jpg,0,0
5828,all_crop/cat5828_2009_002053.jpg,0,0
5829,all_crop/cat5829_2009_002061.jpg,0,0
5830,all_crop/cat5830_2009_002061.jpg,0,0
5831,all_crop/cat5831_2009_002141.jpg,0,0
5832,all_crop/cat5832_2009_002228.jpg,0,0
5833,all_crop/cat5833_2009_002268.jpg,0,0
5834,all_crop/cat5834_2009_002363.jpg,0,0
5835,all_crop/cat5835_2009_002470.jpg,0,0
5836,all_crop/cat5836_2009_002470.jpg,0,0
5837,all_crop/cat5837_2009_002499.jpg,0,0
5838,all_crop/cat5838_2009_002527.jpg,0,0
5839,all_crop/cat5839_2009_002592.jpg,0,0
5840,all_crop/cat5840_2009_002667.jpg,0,0
5841,all_crop/cat5841_2009_002673.jpg,0,0
5842,all_crop/cat5842_2009_002739.jpg,0,0
5843,all_crop/cat5843_2009_002753.jpg,0,0
5844,all_crop/cat5844_2009_002836.jpg,0,0
5845,all_crop/cat5845_2009_002836.jpg,0,0
5846,all_crop/cat5846_2009_002837.jpg,0,0
5847,all_crop/cat5847_2009_002898.jpg,0,0
5848,all_crop/cat5848_2009_002936.jpg,0,0
5849,all_crop/cat5849_2009_003013.jpg,0,0
5850,all_crop/cat5850_2009_003070.jpg,0,0
5851,all_crop/cat5851_2009_003129.jpg,0,0
5852,all_crop/cat5852_2009_003143.jpg,0,0
5853,all_crop/cat5853_2009_003201.jpg,0,0
5854,all_crop/cat5854_2009_003312.jpg,0,0
5855,all_crop/cat5855_2009_003380.jpg,0,0
5856,all_crop/cat5856_2009_003415.jpg,0,0
5857,all_crop/cat5857_2009_003457.jpg,0,0
5858,all_crop/cat5858_2009_003528.jpg,0,0
5859,all_crop/cat5859_2009_003626.jpg,0,0
5860,all_crop/cat5860_2009_003655.jpg,0,0
5861,all_crop/cat5861_2009_003698.jpg,0,0
5862,all_crop/cat5862_2009_003718.jpg,0,0
5863,all_crop/cat5863_2009_003718.jpg,0,0
5864,all_crop/cat5864_2009_003771.jpg,0,0
5865,all_crop/cat5865_2009_003847.jpg,0,0
5866,all_crop/cat5866_2009_003904.jpg,0,0
5867,all_crop/cat5867_2009_003955.jpg,0,0
5868,all_crop/cat5868_2009_004022.jpg,0,0
5869,all_crop/cat5869_2009_004022.jpg,0,0
5870,all_crop/cat5870_2009_004038.jpg,0,0
5871,all_crop/cat5871_2009_004051.jpg,0,0
5872,all_crop/cat5872_2009_004099.jpg,0,0
5873,all_crop/cat5873_2009_004128.jpg,0,0
5874,all_crop/cat5874_2009_004150.jpg,0,0
5875,all_crop/cat5875_2009_004157.jpg,0,0
5876,all_crop/cat5876_2009_004210.jpg,0,0
5877,all_crop/cat5877_2009_004248.jpg,0,0
5878,all_crop/cat5878_2009_004291.jpg,0,0
5879,all_crop/cat5879_2009_004307.jpg,0,0
5880,all_crop/cat5880_2009_004382.jpg,0,0
5881,all_crop/cat5881_2009_004448.jpg,0,0
5882,all_crop/cat5882_2009_004456.jpg,0,0
5883,all_crop/cat5883_2009_004504.jpg,0,0
5884,all_crop/cat5884_2009_004529.jpg,0,0
5885,all_crop/cat5885_2009_004607.jpg,0,0
5886,all_crop/cat5886_2009_004655.jpg,0,0
5887,all_crop/cat5887_2009_004721.jpg,0,0
5888,all_crop/cat5888_2009_004796.jpg,0,0
5889,all_crop/cat5889_2009_004841.jpg,0,0
5890,all_crop/cat5890_2009_004841.jpg,0,0
5891,all_crop/cat5891_2009_004940.jpg,0,0
5892,all_crop/cat5892_2009_004971.jpg,0,0
5893,all_crop/cat5893_2009_005033.jpg,0,0
5894,all_crop/cat5894_2009_005083.jpg,0,0
5895,all_crop/cat5895_2009_005119.jpg,0,0
5896,all_crop/cat5896_2009_005158.jpg,0,0
5897,all_crop/cat5897_2009_005211.jpg,0,0
5898,all_crop/cat5898_2009_005219.jpg,0,0
5899,all_crop/cat5899_2009_005299.jpg,0,0
5900,all_crop/cat5900_2010_000001.jpg,0,0
5901,all_crop/cat5901_2010_000054.jpg,0,0
5902,all_crop/cat5902_2010_000099.jpg,0,0
5903,all_crop/cat5903_2010_000118.jpg,0,0
5904,all_crop/cat5904_2010_000163.jpg,0,0
5905,all_crop/cat5905_2010_000172.jpg,0,0
5906,all_crop/cat5906_2010_000172.jpg,0,0
5907,all_crop/cat5907_2010_000175.jpg,0,0
5908,all_crop/cat5908_2010_000218.jpg,0,0
5909,all_crop/cat5909_2010_000261.jpg,0,0
5910,all_crop/cat5910_2010_000291.jpg,0,0
5911,all_crop/cat5911_2010_000317.jpg,0,0
5912,all_crop/cat5912_2010_000374.jpg,0,0
5913,all_crop/cat5913_2010_000409.jpg,0,0
5914,all_crop/cat5914_2010_000442.jpg,0,0
5915,all_crop/cat5915_2010_000468.jpg,0,0
5916,all_crop/cat5916_2010_000497.jpg,0,0
5917,all_crop/cat5917_2010_000506.jpg,0,0
5918,all_crop/cat5918_2010_000536.jpg,0,0
5919,all_crop/cat5919_2010_000536.jpg,0,0
5920,all_crop/cat5920_2010_000536.jpg,0,0
5921,all_crop/cat5921_2010_000552.jpg,0,0
5922,all_crop/cat5922_2010_000552.jpg,0,0
5923,all_crop/cat5923_2010_000553.jpg,0,0
5924,all_crop/cat5924_2010_000586.jpg,0,0
5925,all_crop/cat5925_2010_000647.jpg,0,0
5926,all_crop/cat5926_2010_000665.jpg,0,0
5927,all_crop/cat5927_2010_000683.jpg,0,0
5928,all_crop/cat5928_2010_000683.jpg,0,0
5929,all_crop/cat5929_2010_000683.jpg,0,0
5930,all_crop/cat5930_2010_000692.jpg,0,0
5931,all_crop/cat5931_2010_000712.jpg,0,0
5932,all_crop/cat5932_2010_000724.jpg,0,0
5933,all_crop/cat5933_2010_000737.jpg,0,0
5934,all_crop/cat5934_2010_000791.jpg,0,0
5935,all_crop/cat5935_2010_000828.jpg,0,0
5936,all_crop/cat5936_2010_000875.jpg,0,0
5937,all_crop/cat5937_2010_000941.jpg,0,0
5938,all_crop/cat5938_2010_000948.jpg,0,0
5939,all_crop/cat5939_2010_000948.jpg,0,0
5940,all_crop/cat5940_2010_000948.jpg,0,0
5941,all_crop/cat5941_2010_000996.jpg,0,0
5942,all_crop/cat5942_2010_001021.jpg,0,0
5943,all_crop/cat5943_2010_001030.jpg,0,0
5944,all_crop/cat5944_2010_001057.jpg,0,0
5945,all_crop/cat5945_2010_001057.jpg,0,0
5946,all_crop/cat5946_2010_001070.jpg,0,0
5947,all_crop/cat5947_2010_001089.jpg,0,0
5948,all_crop/cat5948_2010_001125.jpg,0,0
5949,all_crop/cat5949_2010_001147.jpg,0,0
5950,all_crop/cat5950_2010_001149.jpg,0,0
5951,all_crop/cat5951_2010_001215.jpg,0,0
5952,all_crop/cat5952_2010_001291.jpg,0,0
5953,all_crop/cat5953_2010_001291.jpg,0,0
5954,all_crop/cat5954_2010_001292.jpg,0,0
5955,all_crop/cat5955_2010_001331.jpg,0,0
5956,all_crop/cat5956_2010_001333.jpg,0,0
5957,all_crop/cat5957_2010_001351.jpg,0,0
5958,all_crop/cat5958_2010_001382.jpg,0,0
5959,all_crop/cat5959_2010_001417.jpg,0,0
5960,all_crop/cat5960_2010_001452.jpg,0,0
5961,all_crop/cat5961_2010_001468.jpg,0,0
5962,all_crop/cat5962_2010_001516.jpg,0,0
5963,all_crop/cat5963_2010_001534.jpg,0,0
5964,all_crop/cat5964_2010_001544.jpg,0,0
5965,all_crop/cat5965_2010_001587.jpg,0,0
5966,all_crop/cat5966_2010_001637.jpg,0,0
5967,all_crop/cat5967_2010_001656.jpg,0,0
5968,all_crop/cat5968_2010_001712.jpg,0,0
5969,all_crop/cat5969_2010_001737.jpg,0,0
5970,all_crop/cat5970_2010_001754.jpg,0,0
5971,all_crop/cat5971_2010_001783.jpg,0,0
5972,all_crop/cat5972_2010_001787.jpg,0,0
5973,all_crop/cat5973_2010_001827.jpg,0,0
5974,all_crop/cat5974_2010_001863.jpg,0,0
5975,all_crop/cat5975_2010_001913.jpg,0,0
5976,all_crop/cat5976_2010_001913.jpg,0,0
5977,all_crop/cat5977_2010_001938.jpg,0,0
5978,all_crop/cat5978_2010_001968.jpg,0,0
5979,all_crop/cat5979_2010_002000.jpg,0,0
5980,all_crop/cat5980_2010_002025.jpg,0,0
5981,all_crop/cat5981_2010_002025.jpg,0,0
5982,all_crop/cat5982_2010_002040.jpg,0,0
5983,all_crop/cat5983_2010_002086.jpg,0,0
5984,all_crop/cat5984_2010_002098.jpg,0,0
5985,all_crop/cat5985_2010_002137.jpg,0,0
5986,all_crop/cat5986_2010_002138.jpg,0,0
5987,all_crop/cat5987_2010_002146.jpg,0,0
5988,all_crop/cat5988_2010_002167.jpg,0,0
5989,all_crop/cat5989_2010_002192.jpg,0,0
5990,all_crop/cat5990_2010_002224.jpg,0,0
5991,all_crop/cat5991_2010_002255.jpg,0,0
5992,all_crop/cat5992_2010_002303.jpg,0,0
5993,all_crop/cat5993_2010_002305.jpg,0,0
5994,all_crop/cat5994_2010_002307.jpg,0,0
5995,all_crop/cat5995_2010_002316.jpg,0,0
5996,all_crop/cat5996_2010_002348.jpg,0,0
5997,all_crop/cat5997_2010_002354.jpg,0,0
5998,all_crop/cat5998_2010_002406.jpg,0,0
5999,all_crop/cat5999_2010_002422.jpg,0,0
6000,all_crop/cat6000_2010_002448.jpg,0,0
6001,all_crop/cat6001_2010_002479.jpg,0,0
6002,all_crop/cat6002_2010_002504.jpg,0,0
6003,all_crop/cat6003_2010_002512.jpg,0,0
6004,all_crop/cat6004_2010_002531.jpg,0,0
6005,all_crop/cat6005_2010_002533.jpg,0,0
6006,all_crop/cat6006_2010_002533.jpg,0,0
6007,all_crop/cat6007_2010_002543.jpg,0,0
6008,all_crop/cat6008_2010_002587.jpg,0,0
6009,all_crop/cat6009_2010_002602.jpg,0,0
6010,all_crop/cat6010_2010_002645.jpg,0,0
6011,all_crop/cat6011_2010_002676.jpg,0,0
6012,all_crop/cat6012_2010_002678.jpg,0,0
6013,all_crop/cat6013_2010_002693.jpg,0,0
6014,all_crop/cat6014_2010_002713.jpg,0,0
6015,all_crop/cat6015_2010_002723.jpg,0,0
6016,all_crop/cat6016_2010_002723.jpg,0,0
6017,all_crop/cat6017_2010_002763.jpg,0,0
6018,all_crop/cat6018_2010_002771.jpg,0,0
6019,all_crop/cat6019_2010_002789.jpg,0,0
6020,all_crop/cat6020_2010_002845.jpg,0,0
6021,all_crop/cat6021_2010_002876.jpg,0,0
6022,all_crop/cat6022_2010_002900.jpg,0,0
6023,all_crop/cat6023_2010_002963.jpg,0,0
6024,all_crop/cat6024_2010_002965.jpg,0,0
6025,all_crop/cat6025_2010_002965.jpg,0,0
6026,all_crop/cat6026_2010_002993.jpg,0,0
6027,all_crop/cat6027_2010_003067.jpg,0,0
6028,all_crop/cat6028_2010_003133.jpg,0,0
6029,all_crop/cat6029_2010_003190.jpg,0,0
6030,all_crop/cat6030_2010_003223.jpg,0,0
6031,all_crop/cat6031_2010_003232.jpg,0,0
6032,all_crop/cat6032_2010_003240.jpg,0,0
6033,all_crop/cat6033_2010_003240.jpg,0,0
6034,all_crop/cat6034_2010_003249.jpg,0,0
6035,all_crop/cat6035_2010_003275.jpg,0,0
6036,all_crop/cat6036_2010_003299.jpg,0,0
6037,all_crop/cat6037_2010_003358.jpg,0,0
6038,all_crop/cat6038_2010_003402.jpg,0,0
6039,all_crop/cat6039_2010_003427.jpg,0,0
6040,all_crop/cat6040_2010_003451.jpg,0,0
6041,all_crop/cat6041_2010_003451.jpg,0,0
6042,all_crop/cat6042_2010_003467.jpg,0,0
6043,all_crop/cat6043_2010_003468.jpg,0,0
6044,all_crop/cat6044_2010_003488.jpg,0,0
6045,all_crop/cat6045_2010_003497.jpg,0,0
6046,all_crop/cat6046_2010_003497.jpg,0,0
6047,all_crop/cat6047_2010_003527.jpg,0,0
6048,all_crop/cat6048_2010_003569.jpg,0,0
6049,all_crop/cat6049_2010_003579.jpg,0,0
6050,all_crop/cat6050_2010_003579.jpg,0,0
6051,all_crop/cat6051_2010_003579.jpg,0,0
6052,all_crop/cat6052_2010_003641.jpg,0,0
6053,all_crop/cat6053_2010_003675.jpg,0,0
6054,all_crop/cat6054_2010_003687.jpg,0,0
6055,all_crop/cat6055_2010_003758.jpg,0,0
6056,all_crop/cat6056_2010_003764.jpg,0,0
6057,all_crop/cat6057_2010_003781.jpg,0,0
6058,all_crop/cat6058_2010_003800.jpg,0,0
6059,all_crop/cat6059_2010_003805.jpg,0,0
6060,all_crop/cat6060_2010_003805.jpg,0,0
6061,all_crop/cat6061_2010_003823.jpg,0,0
6062,all_crop/cat6062_2010_003861.jpg,0,0
6063,all_crop/cat6063_2010_003863.jpg,0,0
6064,all_crop/cat6064_2010_003898.jpg,0,0
6065,all_crop/cat6065_2010_003928.jpg,0,0
6066,all_crop/cat6066_2010_003943.jpg,0,0
6067,all_crop/cat6067_2010_003966.jpg,0,0
6068,all_crop/cat6068_2010_003971.jpg,0,0
6069,all_crop/cat6069_2010_003976.jpg,0,0
6070,all_crop/cat6070_2010_003988.jpg,0,0
6071,all_crop/cat6071_2010_004023.jpg,0,0
6072,all_crop/cat6072_2010_004037.jpg,0,0
6073,all_crop/cat6073_2010_004104.jpg,0,0
6074,all_crop/cat6074_2010_004120.jpg,0,0
6075,all_crop/cat6075_2010_004141.jpg,0,0
6076,all_crop/cat6076_2010_004157.jpg,0,0
6077,all_crop/cat6077_2010_004209.jpg,0,0
6078,all_crop/cat6078_2010_004257.jpg,0,0
6079,all_crop/cat6079_2010_004286.jpg,0,0
6080,all_crop/cat6080_2010_004320.jpg,0,0
6081,all_crop/cat6081_2010_004335.jpg,0,0
6082,all_crop/cat6082_2010_004369.jpg,0,0
6083,all_crop/cat6083_2010_004415.jpg,0,0
6084,all_crop/cat6084_2010_004415.jpg,0,0
6085,all_crop/cat6085_2010_004425.jpg,0,0
6086,all_crop/cat6086_2010_004457.jpg,0,0
6087,all_crop/cat6087_2010_004479.jpg,0,0
6088,all_crop/cat6088_2010_004515.jpg,0,0
6089,all_crop/cat6089_2010_004545.jpg,0,0
6090,all_crop/cat6090_2010_004553.jpg,0,0
6091,all_crop/cat6091_2010_004584.jpg,0,0
6092,all_crop/cat6092_2010_004584.jpg,0,0
6093,all_crop/cat6093_2010_004585.jpg,0,0
6094,all_crop/cat6094_2010_004634.jpg,0,0
6095,all_crop/cat6095_2010_004667.jpg,0,0
6096,all_crop/cat6096_2010_004681.jpg,0,0
6097,all_crop/cat6097_2010_004681.jpg,0,0
6098,all_crop/cat6098_2010_004691.jpg,0,0
6099,all_crop/cat6099_2010_004691.jpg,0,0
6100,all_crop/cat6100_2010_004753.jpg,0,0
6101,all_crop/cat6101_2010_004768.jpg,0,0
6102,all_crop/cat6102_2010_004815.jpg,0,0
6103,all_crop/cat6103_2010_004829.jpg,0,0
6104,all_crop/cat6104_2010_004861.jpg,0,0
6105,all_crop/cat6105_2010_004891.jpg,0,0
6106,all_crop/cat6106_2010_004954.jpg,0,0
6107,all_crop/cat6107_2010_005006.jpg,0,0
6108,all_crop/cat6108_2010_005021.jpg,0,0
6109,all_crop/cat6109_2010_005035.jpg,0,0
6110,all_crop/cat6110_2010_005048.jpg,0,0
6111,all_crop/cat6111_2010_005048.jpg,0,0
6112,all_crop/cat6112_2010_005082.jpg,0,0
6113,all_crop/cat6113_2010_005108.jpg,0,0
6114,all_crop/cat6114_2010_005115.jpg,0,0
6115,all_crop/cat6115_2010_005143.jpg,0,0
6116,all_crop/cat6116_2010_005185.jpg,0,0
6117,all_crop/cat6117_2010_005208.jpg,0,0
6118,all_crop/cat6118_2010_005222.jpg,0,0
6119,all_crop/cat6119_2010_005230.jpg,0,0
6120,all_crop/cat6120_2010_005239.jpg,0,0
6121,all_crop/cat6121_2010_005250.jpg,0,0
6122,all_crop/cat6122_2010_005264.jpg,0,0
6123,all_crop/cat6123_2010_005287.jpg,0,0
6124,all_crop/cat6124_2010_005340.jpg,0,0
6125,all_crop/cat6125_2010_005344.jpg,0,0
6126,all_crop/cat6126_2010_005344.jpg,0,0
6127,all_crop/cat6127_2010_005394.jpg,0,0
6128,all_crop/cat6128_2010_005421.jpg,0,0
6129,all_crop/cat6129_2010_005425.jpg,0,0
6130,all_crop/cat6130_2010_005456.jpg,0,0
6131,all_crop/cat6131_2010_005482.jpg,0,0
6132,all_crop/cat6132_2010_005508.jpg,0,0
6133,all_crop/cat6133_2010_005551.jpg,0,0
6134,all_crop/cat6134_2010_005592.jpg,0,0
6135,all_crop/cat6135_2010_005592.jpg,0,0
6136,all_crop/cat6136_2010_005606.jpg,0,0
6137,all_crop/cat6137_2010_005647.jpg,0,0
6138,all_crop/cat6138_2010_005697.jpg,0,0
6139,all_crop/cat6139_2010_005697.jpg,0,0
6140,all_crop/cat6140_2010_005709.jpg,0,0
6141,all_crop/cat6141_2010_005712.jpg,0,0
6142,all_crop/cat6142_2010_005763.jpg,0,0
6143,all_crop/cat6143_2010_005806.jpg,0,0
6144,all_crop/cat6144_2010_005833.jpg,0,0
6145,all_crop/cat6145_2010_005853.jpg,0,0
6146,all_crop/cat6146_2010_005886.jpg,0,0
6147,all_crop/cat6147_2010_005899.jpg,0,0
6148,all_crop/cat6148_2010_005903.jpg,0,0
6149,all_crop/cat6149_2010_005938.jpg,0,0
6150,all_crop/cat6150_2010_005973.jpg,0,0
6151,all_crop/cat6151_2010_006011.jpg,0,0
6152,all_crop/cat6152_2010_006025.jpg,0,0
6153,all_crop/cat6153_2010_006025.jpg,0,0
6154,all_crop/cat6154_2010_006058.jpg,0,0
7053,all_crop/chair7053_2010_004592.jpg,1,1
19748,all_crop/train19748_2008_000343.jpg,1,1
11709,all_crop/person11709_2008_000572.jpg,1,1
14442,all_crop/person14442_2010_004222.jpg,1,1
19816,all_crop/train19816_2008_008382.jpg,1,1
2385,all_crop/boat2385_2010_005198.jpg,1,1
4213,all_crop/car4213_2010_001118.jpg,1,1
14218,all_crop/person14218_2010_002263.jpg,1,1
19416,all_crop/sofa19416_2009_003646.jpg,1,1
14232,all_crop/person14232_2010_002431.jpg,1,1
12374,all_crop/person12374_2008_002856.jpg,1,1
20463,all_crop/tvmonitor20463_2009_004176.jpg,1,1
692,all_crop/bicycle692_2008_002880.jpg,1,1
13675,all_crop/person13675_2009_002671.jpg,1,1
4034,all_crop/car4034_2008_008701.jpg,1,1
20553,all_crop/tvmonitor20553_2010_005071.jpg,1,1
11210,all_crop/motorbike11210_2009_005147.jpg,1,1
6458,all_crop/chair6458_2008_007438.jpg,1,1
3723,all_crop/car3723_2008_000143.jpg,1,1
14466,all_crop/person14466_2010_004499.jpg,1,1
13891,all_crop/person13891_2009_004323.jpg,1,1
6812,all_crop/chair6812_2009_004514.jpg,1,1
2757,all_crop/bottle2757_2008_008330.jpg,1,1
13709,all_crop/person13709_2009_002961.jpg,1,1
20522,all_crop/tvmonitor20522_2010_002982.jpg,1,1
3924,all_crop/car3924_2008_005707.jpg,1,1
12662,all_crop/person12662_2008_003956.jpg,1,1
14638,all_crop/person14638_2010_005967.jpg,1,1
13040,all_crop/person13040_2008_006145.jpg,1,1
6967,all_crop/chair6967_2010_002227.jpg,1,1
2880,all_crop/bottle2880_2010_001094.jpg,1,1
11637,all_crop/person11637_2008_000338.jpg,1,1
13914,all_crop/person13914_2009_004514.jpg,1,1
3308,all_crop/bus3308_2009_000290.jpg,1,1
12716,all_crop/person12716_2008_004196.jpg,1,1
3966,all_crop/car3966_2008_006638.jpg,1,1
88,all_crop/aeroplane88_2008_006700.jpg,1,1
19936,all_crop/train19936_2010_000080.jpg,1,1
3719,all_crop/car3719_2008_000074.jpg,1,1
2380,all_crop/boat2380_2010_004576.jpg,1,1
2350,all_crop/boat2350_2010_001807.jpg,1,1
4042,all_crop/car4042_2009_000203.jpg,1,1
14065,all_crop/person14065_2010_000806.jpg,1,1
11225,all_crop/motorbike11225_2010_000995.jpg,1,1
936,all_crop/bicycle936_2010_003906.jpg,1,1
13513,all_crop/person13513_2009_001068.jpg,1,1
11712,all_crop/person11712_2008_000583.jpg,1,1
18062,all_crop/pottedplant18062_2008_006751.jpg,1,1
13321,all_crop/person13321_2008_008391.jpg,1,1
764,all_crop/bicycle764_2008_008064.jpg,1,1
2291,all_crop/boat2291_2009_002530.jpg,1,1
6892,all_crop/chair6892_2010_000601.jpg,1,1
2839,all_crop/bottle2839_2009_004162.jpg,1,1
20389,all_crop/tvmonitor20389_2009_000336.jpg,1,1
12275,all_crop/person12275_2008_002506.jpg,1,1
748,all_crop/bicycle748_2008_006807.jpg,1,1
38,all_crop/aeroplane38_2008_004000.jpg,1,1
329,all_crop/aeroplane329_2010_005942.jpg,1,1
11092,all_crop/motorbike11092_2008_007313.jpg,1,1
12608,all_crop/person12608_2008_003764.jpg,1,1
12681,all_crop/person12681_2008_004036.jpg,1,1
6632,all_crop/chair6632_2009_001871.jpg,1,1
6273,all_crop/chair6273_2008_003264.jpg,1,1
12685,all_crop/person12685_2008_004053.jpg,1,1
208,all_crop/aeroplane208_2009_003546.jpg,1,1
6817,all_crop/chair6817_2009_004562.jpg,1,1
11167,all_crop/motorbike11167_2009_002240.jpg,1,1
6833,all_crop/chair6833_2009_004874.jpg,1,1
6613,all_crop/chair6613_2009_001670.jpg,1,1
20295,all_crop/tvmonitor20295_2008_003264.jpg,1,1
20267,all_crop/tvmonitor20267_2008_000578.jpg,1,1
11970,all_crop/person11970_2008_001493.jpg,1,1
18168,all_crop/pottedplant18168_2009_003697.jpg,1,1
13721,all_crop/person13721_2009_002993.jpg,1,1
12329,all_crop/person12329_2008_002712.jpg,1,1
20454,all_crop/tvmonitor20454_2009_003367.jpg,1,1
11222,all_crop/motorbike11222_2010_000688.jpg,1,1
902,all_crop/bicycle902_2010_001338.jpg,1,1
14024,all_crop/person14024_2010_000419.jpg,1,1
6421,all_crop/chair6421_2008_006733.jpg,1,1
11229,all_crop/motorbike11229_2010_001472.jpg,1,1
13194,all_crop/person13194_2008_007325.jpg,1,1
4113,all_crop/car4113_2009_002695.jpg,1,1
19360,all_crop/sofa19360_2009_000375.jpg,1,1
6577,all_crop/chair6577_2009_001154.jpg,1,1
3884,all_crop/car3884_2008_004858.jpg,1,1
14591,all_crop/person14591_2010_005628.jpg,1,1
6451,all_crop/chair6451_2008_007363.jpg,1,1
318,all_crop/aeroplane318_2010_005101.jpg,1,1
11012,all_crop/motorbike11012_2008_002123.jpg,1,1
300,all_crop/aeroplane300_2010_004118.jpg,1,1
11725,all_crop/person11725_2008_000646.jpg,1,1
6401,all_crop/chair6401_2008_006300.jpg,1,1
12927,all_crop/person12927_2008_005365.jpg,1,1
13396,all_crop/person13396_2009_000058.jpg,1,1
7107,all_crop/chair7107_2010_006015.jpg,1,1
19865,all_crop/train19865_2009_001747.jpg,1,1
12998,all_crop/person12998_2008_005855.jpg,1,1
6335,all_crop/chair6335_2008_004697.jpg,1,1
3879,all_crop/car3879_2008_004678.jpg,1,1
19481,all_crop/sofa19481_2010_003203.jpg,1,1
19390,all_crop/sofa19390_2009_001888.jpg,1,1
14356,all_crop/person14356_2010_003374.jpg,1,1
102,all_crop/aeroplane102_2008_007504.jpg,1,1
13298,all_crop/person13298_2008_008162.jpg,1,1
13303,all_crop/person13303_2008_008212.jpg,1,1
18229,all_crop/pottedplant18229_2010_001940.jpg,1,1
14172,all_crop/person14172_2010_001870.jpg,1,1
18119,all_crop/pottedplant18119_2009_000926.jpg,1,1
14022,all_crop/person14022_2010_000419.jpg,1,1
3978,all_crop/car3978_2008_006872.jpg,1,1
12978,all_crop/person12978_2008_005758.jpg,1,1
14338,all_crop/person14338_2010_003304.jpg,1,1
3305,all_crop/bus3305_2009_000203.jpg,1,1
145,all_crop/aeroplane145_2009_000320.jpg,1,1
14161,all_crop/person14161_2010_001817.jpg,1,1
18020,all_crop/pottedplant18020_2008_004380.jpg,1,1
13183,all_crop/person13183_2008_007242.jpg,1,1
18096,all_crop/pottedplant18096_2008_008212.jpg,1,1
20507,all_crop/tvmonitor20507_2010_001860.jpg,1,1
2330,all_crop/boat2330_2009_005129.jpg,1,1
13073,all_crop/person13073_2008_006295.jpg,1,1
2739,all_crop/bottle2739_2008_006657.jpg,1,1
4289,all_crop/car4289_2010_003612.jpg,1,1
13154,all_crop/person13154_2008_007061.jpg,1,1
6827,all_crop/chair6827_2009_004734.jpg,1,1
13096,all_crop/person13096_2008_006570.jpg,1,1
18105,all_crop/pottedplant18105_2008_008689.jpg,1,1
11663,all_crop/person11663_2008_000421.jpg,1,1
134,all_crop/aeroplane134_2008_008508.jpg,1,1
8682,all_crop/diningtable8682_2010_001271.jpg,1,1
12062,all_crop/person12062_2008_001796.jpg,1,1
12115,all_crop/person12115_2008_001977.jpg,1,1
6314,all_crop/chair6314_2008_004321.jpg,1,1
20334,all_crop/tvmonitor20334_2008_005609.jpg,1,1
14320,all_crop/person14320_2010_003094.jpg,1,1
19931,all_crop/train19931_2009_005287.jpg,1,1
11157,all_crop/motorbike11157_2009_001677.jpg,1,1
6976,all_crop/chair6976_2010_002575.jpg,1,1
8578,all_crop/diningtable8578_2009_000831.jpg,1,1
14465,all_crop/person14465_2010_004491.jpg,1,1
64,all_crop/aeroplane64_2008_005078.jpg,1,1
14335,all_crop/person14335_2010_003297.jpg,1,1
7015,all_crop/chair7015_2010_003538.jpg,1,1
12131,all_crop/person12131_2008_002032.jpg,1,1
13102,all_crop/person13102_2008_006650.jpg,1,1
13156,all_crop/person13156_2008_007090.jpg,1,1
11231,all_crop/motorbike11231_2010_001810.jpg,1,1
12733,all_crop/person12733_2008_004307.jpg,1,1
11170,all_crop/motorbike11170_2009_002595.jpg,1,1
19839,all_crop/train19839_2009_000476.jpg,1,1
19344,all_crop/sofa19344_2008_008522.jpg,1,1
2919,all_crop/bottle2919_2010_004665.jpg,1,1
3907,all_crop/car3907_2008_005220.jpg,1,1
14195,all_crop/person14195_2010_002044.jpg,1,1
6779,all_crop/chair6779_2009_004154.jpg,1,1
6530,all_crop/chair6530_2009_000232.jpg,1,1
12787,all_crop/person12787_2008_004493.jpg,1,1
6558,all_crop/chair6558_2009_000980.jpg,1,1
19827,all_crop/train19827_2008_008749.jpg,1,1
4290,all_crop/car4290_2010_003635.jpg,1,1
20301,all_crop/tvmonitor20301_2008_003667.jpg,1,1
260,all_crop/aeroplane260_2010_001205.jpg,1,1
6487,all_crop/chair6487_2008_008176.jpg,1,1
2689,all_crop/bottle2689_2008_002362.jpg,1,1
3791,all_crop/car3791_2008_002197.jpg,1,1
19423,all_crop/sofa19423_2009_003848.jpg,1,1
6653,all_crop/chair6653_2009_002107.jpg,1,1
12058,all_crop/person12058_2008_001775.jpg,1,1
2858,all_crop/bottle2858_2009_004656.jpg,1,1
20545,all_crop/tvmonitor20545_2010_004368.jpg,1,1
14276,all_crop/person14276_2010_002779.jpg,1,1
11958,all_crop/person11958_2008_001455.jpg,1,1
8629,all_crop/diningtable8629_2009_003752.jpg,1,1
13672,all_crop/person13672_2009_002595.jpg,1,1
19948,all_crop/train19948_2010_001143.jpg,1,1
6941,all_crop/chair6941_2010_001846.jpg,1,1
14420,all_crop/person14420_2010_003996.jpg,1,1
11078,all_crop/motorbike11078_2008_006549.jpg,1,1
2207,all_crop/boat2207_2008_005536.jpg,1,1
4151,all_crop/car4151_2009_004171.jpg,1,1
12046,all_crop/person12046_2008_001735.jpg,1,1
12029,all_crop/person12029_2008_001670.jpg,1,1
14565,all_crop/person14565_2010_005352.jpg,1,1
4100,all_crop/car4100_2009_002126.jpg,1,1
235,all_crop/aeroplane235_2009_005120.jpg,1,1
7009,all_crop/chair7009_2010_003157.jpg,1,1
12869,all_crop/person12869_2008_004991.jpg,1,1
6640,all_crop/chair6640_2009_002044.jpg,1,1
6896,all_crop/chair6896_2010_000674.jpg,1,1
11154,all_crop/motorbike11154_2009_001566.jpg,1,1
12013,all_crop/person12013_2008_001631.jpg,1,1
14388,all_crop/person14388_2010_003671.jpg,1,1
18031,all_crop/pottedplant18031_2008_004634.jpg,1,1
2703,all_crop/bottle2703_2008_004145.jpg,1,1
3276,all_crop/bus3276_2008_007356.jpg,1,1
4050,all_crop/car4050_2009_000591.jpg,1,1
4309,all_crop/car4309_2010_004239.jpg,1,1
6306,all_crop/chair6306_2008_004122.jpg,1,1
13755,all_crop/person13755_2009_003340.jpg,1,1
11864,all_crop/person11864_2008_001119.jpg,1,1
12943,all_crop/person12943_2008_005527.jpg,1,1
165,all_crop/aeroplane165_2009_001344.jpg,1,1
4180,all_crop/car4180_2010_000148.jpg,1,1
6864,all_crop/chair6864_2009_005311.jpg,1,1
6218,all_crop/chair6218_2008_001563.jpg,1,1
13249,all_crop/person13249_2008_007861.jpg,1,1
12524,all_crop/person12524_2008_003429.jpg,1,1
6948,all_crop/chair6948_2010_001853.jpg,1,1
18196,all_crop/pottedplant18196_2009_004990.jpg,1,1
6742,all_crop/chair6742_2009_003577.jpg,1,1
908,all_crop/bicycle908_2010_001922.jpg,1,1
19328,all_crop/sofa19328_2008_006737.jpg,1,1
18090,all_crop/pottedplant18090_2008_008080.jpg,1,1
6422,all_crop/chair6422_2008_006808.jpg,1,1
12251,all_crop/person12251_2008_002434.jpg,1,1
242,all_crop/aeroplane242_2010_000250.jpg,1,1
154,all_crop/aeroplane154_2009_000662.jpg,1,1
4245,all_crop/car4245_2010_002107.jpg,1,1
2819,all_crop/bottle2819_2009_003034.jpg,1,1
12746,all_crop/person12746_2008_004353.jpg,1,1
3792,all_crop/car3792_2008_002197.jpg,1,1
14516,all_crop/person14516_2010_004983.jpg,1,1
13392,all_crop/person13392_2009_000056.jpg,1,1
20459,all_crop/tvmonitor20459_2009_003720.jpg,1,1
12980,all_crop/person12980_2008_005761.jpg,1,1
14235,all_crop/person14235_2010_002435.jpg,1,1
11707,all_crop/person11707_2008_000561.jpg,1,1
18231,all_crop/pottedplant18231_2010_002193.jpg,1,1
19316,all_crop/sofa19316_2008_005395.jpg,1,1
20510,all_crop/tvmonitor20510_2010_002097.jpg,1,1
213,all_crop/aeroplane213_2009_003799.jpg,1,1
13537,all_crop/person13537_2009_001190.jpg,1,1
13643,all_crop/person13643_2009_002338.jpg,1,1
2716,all_crop/bottle2716_2008_004937.jpg,1,1
2726,all_crop/bottle2726_2008_005867.jpg,1,1
13272,all_crop/person13272_2008_007990.jpg,1,1
14090,all_crop/person14090_2010_001111.jpg,1,1
19359,all_crop/sofa19359_2009_000251.jpg,1,1
4212,all_crop/car4212_2010_001110.jpg,1,1
719,all_crop/bicycle719_2008_004603.jpg,1,1
6465,all_crop/chair6465_2008_007692.jpg,1,1
19367,all_crop/sofa19367_2009_000653.jpg,1,1
6176,all_crop/chair6176_2008_000572.jpg,1,1
4124,all_crop/car4124_2009_003138.jpg,1,1
6706,all_crop/chair6706_2009_002952.jpg,1,1
12138,all_crop/person12138_2008_002056.jpg,1,1
13085,all_crop/person13085_2008_006433.jpg,1,1
244,all_crop/aeroplane244_2010_000285.jpg,1,1
14097,all_crop/person14097_2010_001113.jpg,1,1
11274,all_crop/motorbike11274_2010_005619.jpg,1,1
11269,all_crop/motorbike11269_2010_005359.jpg,1,1
12824,all_crop/person12824_2008_004692.jpg,1,1
6531,all_crop/chair6531_2009_000251.jpg,1,1
6771,all_crop/chair6771_2009_004042.jpg,1,1
6336,all_crop/chair6336_2008_004697.jpg,1,1
13160,all_crop/person13160_2008_007101.jpg,1,1
2807,all_crop/bottle2807_2009_002579.jpg,1,1
6703,all_crop/chair6703_2009_002844.jpg,1,1
14620,all_crop/person14620_2010_005867.jpg,1,1
19453,all_crop/sofa19453_2010_000329.jpg,1,1
13558,all_crop/person13558_2009_001508.jpg,1,1
320,all_crop/aeroplane320_2010_005213.jpg,1,1
13576,all_crop/person13576_2009_001657.jpg,1,1
12564,all_crop/person12564_2008_003596.jpg,1,1
11902,all_crop/person11902_2008_001272.jpg,1,1
327,all_crop/aeroplane327_2010_005715.jpg,1,1
14509,all_crop/person14509_2010_004937.jpg,1,1
14396,all_crop/person14396_2010_003719.jpg,1,1
18001,all_crop/pottedplant18001_2008_002317.jpg,1,1
20427,all_crop/tvmonitor20427_2009_001964.jpg,1,1
11035,all_crop/motorbike11035_2008_003769.jpg,1,1
18177,all_crop/pottedplant18177_2009_004228.jpg,1,1
19870,all_crop/train19870_2009_001904.jpg,1,1
11238,all_crop/motorbike11238_2010_002469.jpg,1,1
14448,all_crop/person14448_2010_004264.jpg,1,1
12394,all_crop/person12394_2008_002922.jpg,1,1
12675,all_crop/person12675_2008_003985.jpg,1,1
19863,all_crop/train19863_2009_001735.jpg,1,1
14186,all_crop/person14186_2010_002018.jpg,1,1
13189,all_crop/person13189_2008_007291.jpg,1,1
791,all_crop/bicycle791_2008_008707.jpg,1,1
6456,all_crop/chair6456_2008_007388.jpg,1,1
3275,all_crop/bus3275_2008_007254.jpg,1,1
4053,all_crop/car4053_2009_000737.jpg,1,1
19984,all_crop/train19984_2010_004148.jpg,1,1
11253,all_crop/motorbike11253_2010_004119.jpg,1,1
14057,all_crop/person14057_2010_000717.jpg,1,1
13302,all_crop/person13302_2008_008184.jpg,1,1
12845,all_crop/person12845_2008_004849.jpg,1,1
3263,all_crop/bus3263_2008_005196.jpg,1,1
3834,all_crop/car3834_2008_003321.jpg,1,1
7017,all_crop/chair7017_2010_003677.jpg,1,1
8544,all_crop/diningtable8544_2008_006705.jpg,1,1
6492,all_crop/chair6492_2008_008330.jpg,1,1
2896,all_crop/bottle2896_2010_002931.jpg,1,1
11790,all_crop/person11790_2008_000873.jpg,1,1
20369,all_crop/tvmonitor20369_2008_007242.jpg,1,1
903,all_crop/bicycle903_2010_001431.jpg,1,1
11164,all_crop/motorbike11164_2009_002180.jpg,1,1
880,all_crop/bicycle880_2009_004905.jpg,1,1
12082,all_crop/person12082_2008_001852.jpg,1,1
14578,all_crop/person14578_2010_005489.jpg,1,1
19874,all_crop/train19874_2009_002214.jpg,1,1
2914,all_crop/bottle2914_2010_004288.jpg,1,1
13927,all_crop/person13927_2009_004694.jpg,1,1
6411,all_crop/chair6411_2008_006470.jpg,1,1
14469,all_crop/person14469_2010_004577.jpg,1,1
13940,all_crop/person13940_2009_004806.jpg,1,1
82,all_crop/aeroplane82_2008_006564.jpg,1,1
6460,all_crop/chair6460_2008_007438.jpg,1,1
14595,all_crop/person14595_2010_005646.jpg,1,1
4331,all_crop/car4331_2010_004844.jpg,1,1
8510,all_crop/diningtable8510_2008_000493.jpg,1,1
4066,all_crop/car4066_2009_001237.jpg,1,1
20333,all_crop/tvmonitor20333_2008_005569.jpg,1,1
4355,all_crop/car4355_2010_005750.jpg,1,1
12985,all_crop/person12985_2008_005794.jpg,1,1
13329,all_crop/person13329_2008_008440.jpg,1,1
14071,all_crop/person14071_2010_000912.jpg,1,1
3849,all_crop/car3849_2008_003764.jpg,1,1
13059,all_crop/person13059_2008_006250.jpg,1,1
13279,all_crop/person13279_2008_008072.jpg,1,1
11836,all_crop/person11836_2008_001035.jpg,1,1
19277,all_crop/sofa19277_2008_000093.jpg,1,1
6312,all_crop/chair6312_2008_004313.jpg,1,1
11212,all_crop/motorbike11212_2009_005155.jpg,1,1
6755,all_crop/chair6755_2009_003888.jpg,1,1
6374,all_crop/chair6374_2008_005561.jpg,1,1
931,all_crop/bicycle931_2010_003671.jpg,1,1
13641,all_crop/person13641_2009_002338.jpg,1,1
6452,all_crop/chair6452_2008_007388.jpg,1,1
2189,all_crop/boat2189_2008_004750.jpg,1,1
13378,all_crop/person13378_2008_008691.jpg,1,1
3261,all_crop/bus3261_2008_004976.jpg,1,1
17991,all_crop/pottedplant17991_2008_002307.jpg,1,1
13733,all_crop/person13733_2009_003035.jpg,1,1
8717,all_crop/diningtable8717_2010_003897.jpg,1,1
2745,all_crop/bottle2745_2008_007261.jpg,1,1
12818,all_crop/person12818_2008_004649.jpg,1,1
6677,all_crop/chair6677_2009_002558.jpg,1,1
14571,all_crop/person14571_2010_005403.jpg,1,1
11800,all_crop/person11800_2008_000902.jpg,1,1
8626,all_crop/diningtable8626_2009_003577.jpg,1,1
17963,all_crop/pottedplant17963_2008_000188.jpg,1,1
4273,all_crop/car4273_2010_003191.jpg,1,1
59,all_crop/aeroplane59_2008_004917.jpg,1,1
4267,all_crop/car4267_2010_002903.jpg,1,1
13896,all_crop/person13896_2009_004429.jpg,1,1
11809,all_crop/person11809_2008_000941.jpg,1,1
12511,all_crop/person12511_2008_003342.jpg,1,1
3411,all_crop/bus3411_2010_000770.jpg,1,1
2916,all_crop/bottle2916_2010_004429.jpg,1,1
13008,all_crop/person13008_2008_005972.jpg,1,1
13226,all_crop/person13226_2008_007696.jpg,1,1
4336,all_crop/car4336_2010_005041.jpg,1,1
117,all_crop/aeroplane117_2008_008048.jpg,1,1
226,all_crop/aeroplane226_2009_004492.jpg,1,1
11239,all_crop/motorbike11239_2010_002747.jpg,1,1
19298,all_crop/sofa19298_2008_002533.jpg,1,1
13957,all_crop/person13957_2009_005045.jpg,1,1
12750,all_crop/person12750_2008_004372.jpg,1,1
19499,all_crop/sofa19499_2010_005054.jpg,1,1
3936,all_crop/car3936_2008_005893.jpg,1,1
844,all_crop/bicycle844_2009_002835.jpg,1,1
14424,all_crop/person14424_2010_004033.jpg,1,1
6582,all_crop/chair6582_2009_001308.jpg,1,1
13742,all_crop/person13742_2009_003257.jpg,1,1
19850,all_crop/train19850_2009_001042.jpg,1,1
12404,all_crop/person12404_2008_002951.jpg,1,1
20336,all_crop/tvmonitor20336_2008_005639.jpg,1,1
6235,all_crop/chair6235_2008_001809.jpg,1,1
14094,all_crop/person14094_2010_001113.jpg,1,1
12578,all_crop/person12578_2008_003674.jpg,1,1
2841,all_crop/bottle2841_2009_004162.jpg,1,1
3731,all_crop/car3731_2008_000226.jpg,1,1
6914,all_crop/chair6914_2010_001224.jpg,1,1
3330,all_crop/bus3330_2009_001472.jpg,1,1
14103,all_crop/person14103_2010_001120.jpg,1,1
4332,all_crop/car4332_2010_004890.jpg,1,1
6589,all_crop/chair6589_2009_001327.jpg,1,1
13960,all_crop/person13960_2009_005045.jpg,1,1
3457,all_crop/bus3457_2010_004696.jpg,1,1
13524,all_crop/person13524_2009_001096.jpg,1,1
6362,all_crop/chair6362_2008_005248.jpg,1,1
18049,all_crop/pottedplant18049_2008_005897.jpg,1,1
12873,all_crop/person12873_2008_005033.jpg,1,1
13838,all_crop/person13838_2009_004020.jpg,1,1
93,all_crop/aeroplane93_2008_006933.jpg,1,1
13731,all_crop/person13731_2009_003012.jpg,1,1
316,all_crop/aeroplane316_2010_004991.jpg,1,1
20500,all_crop/tvmonitor20500_2010_001363.jpg,1,1
14162,all_crop/person14162_2010_001817.jpg,1,1
6240,all_crop/chair6240_2008_002148.jpg,1,1
18149,all_crop/pottedplant18149_2009_002386.jpg,1,1
19972,all_crop/train19972_2010_002838.jpg,1,1
8541,all_crop/diningtable8541_2008_006133.jpg,1,1
13992,all_crop/person13992_2010_000055.jpg,1,1
2369,all_crop/boat2369_2010_003644.jpg,1,1
6219,all_crop/chair6219_2008_001563.jpg,1,1
4,all_crop/aeroplane4_2008_000291.jpg,1,1
136,all_crop/aeroplane136_2008_008607.jpg,1,1
12294,all_crop/person12294_2008_002578.jpg,1,1
6944,all_crop/chair6944_2010_001849.jpg,1,1
19373,all_crop/sofa19373_2009_000973.jpg,1,1
845,all_crop/bicycle845_2009_002853.jpg,1,1
13808,all_crop/person13808_2009_003690.jpg,1,1
13623,all_crop/person13623_2009_002129.jpg,1,1
699,all_crop/bicycle699_2008_003329.jpg,1,1
12814,all_crop/person12814_2008_004603.jpg,1,1
304,all_crop/aeroplane304_2010_004546.jpg,1,1
2804,all_crop/bottle2804_2009_002567.jpg,1,1
11689,all_crop/person11689_2008_000493.jpg,1,1
2246,all_crop/boat2246_2008_007750.jpg,1,1
2190,all_crop/boat2190_2008_004750.jpg,1,1
13748,all_crop/person13748_2009_003265.jpg,1,1
13926,all_crop/person13926_2009_004694.jpg,1,1
916,all_crop/bicycle916_2010_002656.jpg,1,1
11259,all_crop/motorbike11259_2010_004517.jpg,1,1
4037,all_crop/car4037_2009_000021.jpg,1,1
6482,all_crop/chair6482_2008_008098.jpg,1,1
13485,all_crop/person13485_2009_000759.jpg,1,1
800,all_crop/bicycle800_2009_000015.jpg,1,1
12821,all_crop/person12821_2008_004677.jpg,1,1
12272,all_crop/person12272_2008_002501.jpg,1,1
14076,all_crop/person14076_2010_000942.jpg,1,1
4254,all_crop/car4254_2010_002424.jpg,1,1
4040,all_crop/car4040_2009_000140.jpg,1,1
13205,all_crop/person13205_2008_007537.jpg,1,1
11248,all_crop/motorbike11248_2010_003856.jpg,1,1
11850,all_crop/person11850_2008_001057.jpg,1,1
12218,all_crop/person12218_2008_002304.jpg,1,1
3473,all_crop/bus3473_2010_005959.jpg,1,1
20426,all_crop/tvmonitor20426_2009_001961.jpg,1,1
883,all_crop/bicycle883_2009_004984.jpg,1,1
13088,all_crop/person13088_2008_006448.jpg,1,1
13932,all_crop/person13932_2009_004756.jpg,1,1
13942,all_crop/person13942_2009_004830.jpg,1,1
11883,all_crop/person11883_2008_001215.jpg,1,1
6372,all_crop/chair6372_2008_005519.jpg,1,1
13689,all_crop/person13689_2009_002792.jpg,1,1
255,all_crop/aeroplane255_2010_000939.jpg,1,1
11094,all_crop/motorbike11094_2008_007325.jpg,1,1
17964,all_crop/pottedplant17964_2008_000196.jpg,1,1
8715,all_crop/diningtable8715_2010_003822.jpg,1,1
12253,all_crop/person12253_2008_002434.jpg,1,1
11780,all_crop/person11780_2008_000847.jpg,1,1
11802,all_crop/person11802_2008_000902.jpg,1,1
6541,all_crop/chair6541_2009_000629.jpg,1,1
11746,all_crop/person11746_2008_000694.jpg,1,1
12155,all_crop/person12155_2008_002094.jpg,1,1
11820,all_crop/person11820_2008_000979.jpg,1,1
18258,all_crop/pottedplant18258_2010_004062.jpg,1,1
14485,all_crop/person14485_2010_004703.jpg,1,1
12066,all_crop/person12066_2008_001811.jpg,1,1
8713,all_crop/diningtable8713_2010_003374.jpg,1,1
2344,all_crop/boat2344_2010_001212.jpg,1,1
19400,all_crop/sofa19400_2009_002558.jpg,1,1
13703,all_crop/person13703_2009_002893.jpg,1,1
14401,all_crop/person14401_2010_003844.jpg,1,1
14502,all_crop/person14502_2010_004844.jpg,1,1
3855,all_crop/car3855_2008_003854.jpg,1,1
2179,all_crop/boat2179_2008_003870.jpg,1,1
12098,all_crop/person12098_2008_001929.jpg,1,1
11665,all_crop/person11665_2008_000422.jpg,1,1
12999,all_crop/person12999_2008_005855.jpg,1,1
2354,all_crop/boat2354_2010_002364.jpg,1,1
11741,all_crop/person11741_2008_000689.jpg,1,1
4230,all_crop/car4230_2010_001561.jpg,1,1
12204,all_crop/person12204_2008_002251.jpg,1,1
11054,all_crop/motorbike11054_2008_004838.jpg,1,1
13403,all_crop/person13403_2009_000140.jpg,1,1
138,all_crop/aeroplane138_2009_000122.jpg,1,1
11831,all_crop/person11831_2008_001021.jpg,1,1
18225,all_crop/pottedplant18225_2010_001547.jpg,1,1
12362,all_crop/person12362_2008_002804.jpg,1,1
11037,all_crop/motorbike11037_2008_003939.jpg,1,1
210,all_crop/aeroplane210_2009_003667.jpg,1,1
6882,all_crop/chair6882_2010_000463.jpg,1,1
19333,all_crop/sofa19333_2008_007218.jpg,1,1
13771,all_crop/person13771_2009_003425.jpg,1,1
6446,all_crop/chair6446_2008_007307.jpg,1,1
14333,all_crop/person14333_2010_003280.jpg,1,1
13091,all_crop/person13091_2008_006496.jpg,1,1
12443,all_crop/person12443_2008_003120.jpg,1,1
14009,all_crop/person14009_2010_000224.jpg,1,1
4141,all_crop/car4141_2009_003801.jpg,1,1
3988,all_crop/car3988_2008_007090.jpg,1,1
6334,all_crop/chair6334_2008_004661.jpg,1,1
14194,all_crop/person14194_2010_002044.jpg,1,1
3379,all_crop/bus3379_2009_004187.jpg,1,1
13759,all_crop/person13759_2009_003361.jpg,1,1
14594,all_crop/person14594_2010_005646.jpg,1,1
18050,all_crop/pottedplant18050_2008_005897.jpg,1,1
14493,all_crop/person14493_2010_004741.jpg,1,1
14219,all_crop/person14219_2010_002274.jpg,1,1
2186,all_crop/boat2186_2008_004570.jpg,1,1
265,all_crop/aeroplane265_2010_001583.jpg,1,1
12570,all_crop/person12570_2008_003626.jpg,1,1
20276,all_crop/tvmonitor20276_2008_001704.jpg,1,1
19884,all_crop/train19884_2009_002689.jpg,1,1
19913,all_crop/train19913_2009_004406.jpg,1,1
8548,all_crop/diningtable8548_2008_007097.jpg,1,1
19776,all_crop/train19776_2008_004770.jpg,1,1
2818,all_crop/bottle2818_2009_002984.jpg,1,1
6395,all_crop/chair6395_2008_006111.jpg,1,1
11624,all_crop/person11624_2008_000283.jpg,1,1
6737,all_crop/chair6737_2009_003545.jpg,1,1
6386,all_crop/chair6386_2008_005937.jpg,1,1
11868,all_crop/person11868_2008_001134.jpg,1,1
13325,all_crop/person13325_2008_008410.jpg,1,1
13430,all_crop/person13430_2009_000375.jpg,1,1
4222,all_crop/car4222_2010_001274.jpg,1,1
6718,all_crop/chair6718_2009_003265.jpg,1,1
237,all_crop/aeroplane237_2009_005127.jpg,1,1
11699,all_crop/person11699_2008_000545.jpg,1,1
13977,all_crop/person13977_2009_005265.jpg,1,1
11886,all_crop/person11886_2008_001223.jpg,1,1
13426,all_crop/person13426_2009_000375.jpg,1,1
6571,all_crop/chair6571_2009_001095.jpg,1,1
19844,all_crop/train19844_2009_000910.jpg,1,1
11778,all_crop/person11778_2008_000844.jpg,1,1
13870,all_crop/person13870_2009_004218.jpg,1,1
6249,all_crop/chair6249_2008_002442.jpg,1,1
12842,all_crop/person12842_2008_004849.jpg,1,1
2160,all_crop/boat2160_2008_002887.jpg,1,1
12357,all_crop/person12357_2008_002791.jpg,1,1
2902,all_crop/bottle2902_2010_003329.jpg,1,1
6467,all_crop/chair6467_2008_007692.jpg,1,1
2810,all_crop/bottle2810_2009_002814.jpg,1,1
3325,all_crop/bus3325_2009_001197.jpg,1,1
821,all_crop/bicycle821_2009_001642.jpg,1,1
2921,all_crop/bottle2921_2010_004680.jpg,1,1
11025,all_crop/motorbike11025_2008_003151.jpg,1,1
6607,all_crop/chair6607_2009_001608.jpg,1,1
4063,all_crop/car4063_2009_001197.jpg,1,1
4228,all_crop/car4228_2010_001478.jpg,1,1
11018,all_crop/motorbike11018_2008_002370.jpg,1,1
13519,all_crop/person13519_2009_001091.jpg,1,1
11973,all_crop/person11973_2008_001501.jpg,1,1
11838,all_crop/person11838_2008_001036.jpg,1,1
20482,all_crop/tvmonitor20482_2009_005042.jpg,1,1
19922,all_crop/train19922_2009_004880.jpg,1,1
13540,all_crop/person13540_2009_001238.jpg,1,1
12713,all_crop/person12713_2008_004176.jpg,1,1
11630,all_crop/person11630_2008_000297.jpg,1,1
13793,all_crop/person13793_2009_003577.jpg,1,1
13796,all_crop/person13796_2009_003594.jpg,1,1
20312,all_crop/tvmonitor20312_2008_004301.jpg,1,1
6285,all_crop/chair6285_2008_003667.jpg,1,1
6268,all_crop/chair6268_2008_003093.jpg,1,1
13899,all_crop/person13899_2009_004429.jpg,1,1
227,all_crop/aeroplane227_2009_004620.jpg,1,1
11716,all_crop/person11716_2008_000607.jpg,1,1
12758,all_crop/person12758_2008_004398.jpg,1,1
3367,all_crop/bus3367_2009_003555.jpg,1,1
3284,all_crop/bus3284_2008_008097.jpg,1,1
3779,all_crop/car3779_2008_001533.jpg,1,1
3800,all_crop/car3800_2008_002368.jpg,1,1
19318,all_crop/sofa19318_2008_005850.jpg,1,1
12596,all_crop/person12596_2008_003732.jpg,1,1
8729,all_crop/diningtable8729_2010_004910.jpg,1,1
900,all_crop/bicycle900_2010_001338.jpg,1,1
6291,all_crop/chair6291_2008_003726.jpg,1,1
3307,all_crop/bus3307_2009_000239.jpg,1,1
4423,all_crop/car4423_2008_001961.jpg,1,0
1232,all_crop/bicycle1232_2010_003603.jpg,1,0
4895,all_crop/car4895_2010_002175.jpg,1,0
11457,all_crop/motorbike11457_2009_002239.jpg,1,0
16826,all_crop/person16826_2009_001181.jpg,1,0
16335,all_crop/person16335_2008_006154.jpg,1,0
3541,all_crop/bus3541_2009_000335.jpg,1,0
8845,all_crop/diningtable8845_2009_003154.jpg,1,0
4552,all_crop/car4552_2008_005316.jpg,1,0
4810,all_crop/car4810_2009_004532.jpg,1,0
19579,all_crop/sofa19579_2008_008313.jpg,1,0
16975,all_crop/person16975_2009_002524.jpg,1,0
15312,all_crop/person15312_2008_002037.jpg,1,0
14683,all_crop/person14683_2008_000243.jpg,1,0
15267,all_crop/person15267_2008_001928.jpg,1,0
996,all_crop/bicycle996_2008_003395.jpg,1,0
17088,all_crop/person17088_2009_003581.jpg,1,0
3064,all_crop/bottle3064_2009_000783.jpg,1,0
2653,all_crop/boat2653_2010_004772.jpg,1,0
18499,all_crop/pottedplant18499_2009_003238.jpg,1,0
17121,all_crop/person17121_2009_003849.jpg,1,0
16605,all_crop/person16605_2008_008320.jpg,1,0
20894,all_crop/tvmonitor20894_2010_005372.jpg,1,0
506,all_crop/aeroplane506_2009_002199.jpg,1,0
3208,all_crop/bottle3208_2010_004290.jpg,1,0
18632,all_crop/pottedplant18632_2010_005187.jpg,1,0
18546,all_crop/pottedplant18546_2009_005310.jpg,1,0
16412,all_crop/person16412_2008_006816.jpg,1,0
16669,all_crop/person16669_2008_008564.jpg,1,0
20037,all_crop/train20037_2008_005446.jpg,1,0
16237,all_crop/person16237_2008_005612.jpg,1,0
7346,all_crop/chair7346_2008_006045.jpg,1,0
4425,all_crop/car4425_2008_002198.jpg,1,0
18341,all_crop/pottedplant18341_2008_003767.jpg,1,0
15079,all_crop/person15079_2008_001466.jpg,1,0
15147,all_crop/person15147_2008_001622.jpg,1,0
7595,all_crop/chair7595_2009_002433.jpg,1,0
7847,all_crop/chair7847_2010_001343.jpg,1,0
4388,all_crop/car4388_2008_000501.jpg,1,0
18621,all_crop/pottedplant18621_2010_004382.jpg,1,0
7786,all_crop/chair7786_2009_005171.jpg,1,0
15694,all_crop/person15694_2008_003228.jpg,1,0
16009,all_crop/person16009_2008_004318.jpg,1,0
16298,all_crop/person16298_2008_006041.jpg,1,0
344,all_crop/aeroplane344_2008_001468.jpg,1,0
16274,all_crop/person16274_2008_005846.jpg,1,0
17118,all_crop/person17118_2009_003800.jpg,1,0
15382,all_crop/person15382_2008_002191.jpg,1,0
16541,all_crop/person16541_2008_007853.jpg,1,0
20788,all_crop/tvmonitor20788_2009_004062.jpg,1,0
17569,all_crop/person17569_2010_002770.jpg,1,0
20116,all_crop/train20116_2009_001853.jpg,1,0
8755,all_crop/diningtable8755_2008_002384.jpg,1,0
15291,all_crop/person15291_2008_001969.jpg,1,0
17522,all_crop/person17522_2010_002405.jpg,1,0
7885,all_crop/chair7885_2010_002336.jpg,1,0
15370,all_crop/person15370_2008_002155.jpg,1,0
7480,all_crop/chair7480_2009_000298.jpg,1,0
4616,all_crop/car4616_2008_006907.jpg,1,0
17185,all_crop/person17185_2009_004359.jpg,1,0
19636,all_crop/sofa19636_2009_002208.jpg,1,0
16486,all_crop/person16486_2008_007446.jpg,1,0
4592,all_crop/car4592_2008_006392.jpg,1,0
7218,all_crop/chair7218_2008_002508.jpg,1,0
20618,all_crop/tvmonitor20618_2008_004006.jpg,1,0
3083,all_crop/bottle3083_2009_001799.jpg,1,0
4930,all_crop/car4930_2010_003120.jpg,1,0
8811,all_crop/diningtable8811_2009_001398.jpg,1,0
4601,all_crop/car4601_2008_006642.jpg,1,0
16090,all_crop/person16090_2008_004546.jpg,1,0
18613,all_crop/pottedplant18613_2010_003728.jpg,1,0
11329,all_crop/motorbike11329_2008_003320.jpg,1,0
2550,all_crop/boat2550_2009_001794.jpg,1,0
16145,all_crop/person16145_2008_004948.jpg,1,0
14813,all_crop/person14813_2008_000647.jpg,1,0
1086,all_crop/bicycle1086_2008_008718.jpg,1,0
20140,all_crop/train20140_2009_002938.jpg,1,0
15421,all_crop/person15421_2008_002374.jpg,1,0
16228,all_crop/person16228_2008_005599.jpg,1,0
18457,all_crop/pottedplant18457_2009_000488.jpg,1,0
597,all_crop/aeroplane597_2010_002357.jpg,1,0
7613,all_crop/chair7613_2009_002571.jpg,1,0
15340,all_crop/person15340_2008_002092.jpg,1,0
17914,all_crop/person17914_2010_005620.jpg,1,0
17730,all_crop/person17730_2010_004031.jpg,1,0
7818,all_crop/chair7818_2010_000435.jpg,1,0
15313,all_crop/person15313_2008_002037.jpg,1,0
7945,all_crop/chair7945_2010_003531.jpg,1,0
4814,all_crop/car4814_2009_004630.jpg,1,0
8961,all_crop/diningtable8961_2010_005764.jpg,1,0
608,all_crop/aeroplane608_2010_003054.jpg,1,0
15480,all_crop/person15480_2008_002542.jpg,1,0
20879,all_crop/tvmonitor20879_2010_004503.jpg,1,0
4955,all_crop/car4955_2010_003585.jpg,1,0
20167,all_crop/train20167_2009_004170.jpg,1,0
8035,all_crop/chair8035_2010_005626.jpg,1,0
17188,all_crop/person17188_2009_004410.jpg,1,0
11344,all_crop/motorbike11344_2008_004599.jpg,1,0
16175,all_crop/person16175_2008_005156.jpg,1,0
15217,all_crop/person15217_2008_001784.jpg,1,0
16983,all_crop/person16983_2009_002569.jpg,1,0
17781,all_crop/person17781_2010_004479.jpg,1,0
7838,all_crop/chair7838_2010_000821.jpg,1,0
20854,all_crop/tvmonitor20854_2010_002586.jpg,1,0
4472,all_crop/car4472_2008_003680.jpg,1,0
4699,all_crop/car4699_2009_000741.jpg,1,0
7334,all_crop/chair7334_2008_005608.jpg,1,0
17865,all_crop/person17865_2010_005252.jpg,1,0
2399,all_crop/boat2399_2008_000195.jpg,1,0
8006,all_crop/chair8006_2010_004889.jpg,1,0
4381,all_crop/car4381_2008_000251.jpg,1,0
3628,all_crop/bus3628_2009_004440.jpg,1,0
14927,all_crop/person14927_2008_001007.jpg,1,0
11362,all_crop/motorbike11362_2008_005245.jpg,1,0
20111,all_crop/train20111_2009_001519.jpg,1,0
18500,all_crop/pottedplant18500_2009_003238.jpg,1,0
7735,all_crop/chair7735_2009_004243.jpg,1,0
20759,all_crop/tvmonitor20759_2009_003214.jpg,1,0
20004,all_crop/train20004_2008_000003.jpg,1,0
20122,all_crop/train20122_2009_002144.jpg,1,0
7639,all_crop/chair7639_2009_002790.jpg,1,0
14884,all_crop/person14884_2008_000864.jpg,1,0
4685,all_crop/car4685_2009_000335.jpg,1,0
16420,all_crop/person16420_2008_006870.jpg,1,0
17937,all_crop/person17937_2010_005768.jpg,1,0
15032,all_crop/person15032_2008_001306.jpg,1,0
7876,all_crop/chair7876_2010_002050.jpg,1,0
631,all_crop/aeroplane631_2010_004010.jpg,1,0
17552,all_crop/person17552_2010_002652.jpg,1,0
17149,all_crop/person17149_2009_004102.jpg,1,0
17337,all_crop/person17337_2010_000474.jpg,1,0
15327,all_crop/person15327_2008_002084.jpg,1,0
16892,all_crop/person16892_2009_001794.jpg,1,0
7558,all_crop/chair7558_2009_002003.jpg,1,0
17402,all_crop/person17402_2010_001241.jpg,1,0
3054,all_crop/bottle3054_2009_000247.jpg,1,0
15013,all_crop/person15013_2008_001249.jpg,1,0
3698,all_crop/bus3698_2010_004627.jpg,1,0
7429,all_crop/chair7429_2008_007893.jpg,1,0
15550,all_crop/person15550_2008_002746.jpg,1,0
17776,all_crop/person17776_2010_004469.jpg,1,0
15007,all_crop/person15007_2008_001226.jpg,1,0
20861,all_crop/tvmonitor20861_2010_003103.jpg,1,0
618,all_crop/aeroplane618_2010_003496.jpg,1,0
16606,all_crop/person16606_2008_008335.jpg,1,0
7841,all_crop/chair7841_2010_000968.jpg,1,0
16149,all_crop/person16149_2008_004968.jpg,1,0
18615,all_crop/pottedplant18615_2010_003729.jpg,1,0
14949,all_crop/person14949_2008_001055.jpg,1,0
11414,all_crop/motorbike11414_2008_008450.jpg,1,0
14847,all_crop/person14847_2008_000737.jpg,1,0
8924,all_crop/diningtable8924_2010_002725.jpg,1,0
15243,all_crop/person15243_2008_001838.jpg,1,0
14710,all_crop/person14710_2008_000359.jpg,1,0
15526,all_crop/person15526_2008_002700.jpg,1,0
18333,all_crop/pottedplant18333_2008_003320.jpg,1,0
16082,all_crop/person16082_2008_004533.jpg,1,0
14996,all_crop/person14996_2008_001192.jpg,1,0
11301,all_crop/motorbike11301_2008_001406.jpg,1,0
16450,all_crop/person16450_2008_007084.jpg,1,0
17347,all_crop/person17347_2010_000666.jpg,1,0
17391,all_crop/person17391_2010_001107.jpg,1,0
15407,all_crop/person15407_2008_002314.jpg,1,0
487,all_crop/aeroplane487_2009_001321.jpg,1,0
11564,all_crop/motorbike11564_2010_005160.jpg,1,0
15653,all_crop/person15653_2008_003020.jpg,1,0
17017,all_crop/person17017_2009_002925.jpg,1,0
15208,all_crop/person15208_2008_001765.jpg,1,0
8866,all_crop/diningtable8866_2009_004263.jpg,1,0
3113,all_crop/bottle3113_2009_002940.jpg,1,0
14749,all_crop/person14749_2008_000469.jpg,1,0
18518,all_crop/pottedplant18518_2009_003836.jpg,1,0
15855,all_crop/person15855_2008_003775.jpg,1,0
7275,all_crop/chair7275_2008_004384.jpg,1,0
1177,all_crop/bicycle1177_2009_005064.jpg,1,0
16778,all_crop/person16778_2009_000730.jpg,1,0
4844,all_crop/car4844_2010_000381.jpg,1,0
15039,all_crop/person15039_2008_001320.jpg,1,0
514,all_crop/aeroplane514_2009_002614.jpg,1,0
16831,all_crop/person16831_2009_001212.jpg,1,0
14714,all_crop/person14714_2008_000376.jpg,1,0
7374,all_crop/chair7374_2008_006684.jpg,1,0
7993,all_crop/chair7993_2010_004786.jpg,1,0
8802,all_crop/diningtable8802_2009_000257.jpg,1,0
11326,all_crop/motorbike11326_2008_003053.jpg,1,0
18292,all_crop/pottedplant18292_2008_000274.jpg,1,0
3539,all_crop/bus3539_2009_000199.jpg,1,0
8785,all_crop/diningtable8785_2008_007166.jpg,1,0
4550,all_crop/car4550_2008_005245.jpg,1,0
7665,all_crop/chair7665_2009_003198.jpg,1,0
17532,all_crop/person17532_2010_002484.jpg,1,0
16644,all_crop/person16644_2008_008488.jpg,1,0
7462,all_crop/chair7462_2008_008658.jpg,1,0
1235,all_crop/bicycle1235_2010_003811.jpg,1,0
19727,all_crop/sofa19727_2010_003597.jpg,1,0
15812,all_crop/person15812_2008_003658.jpg,1,0
17938,all_crop/person17938_2010_005838.jpg,1,0
16749,all_crop/person16749_2009_000496.jpg,1,0
2495,all_crop/boat2495_2008_006833.jpg,1,0
19658,all_crop/sofa19658_2009_003441.jpg,1,0
20075,all_crop/train20075_2008_008662.jpg,1,0
7126,all_crop/chair7126_2008_000381.jpg,1,0
17698,all_crop/person17698_2010_003632.jpg,1,0
2633,all_crop/boat2633_2010_003508.jpg,1,0
11503,all_crop/motorbike11503_2009_004868.jpg,1,0
20069,all_crop/train20069_2008_008336.jpg,1,0
4390,all_crop/car4390_2008_000599.jpg,1,0
5016,all_crop/car5016_2010_005817.jpg,1,0
4750,all_crop/car4750_2009_003003.jpg,1,0
3549,all_crop/bus3549_2009_000558.jpg,1,0
418,all_crop/aeroplane418_2008_006671.jpg,1,0
15362,all_crop/person15362_2008_002140.jpg,1,0
7857,all_crop/chair7857_2010_001579.jpg,1,0
7161,all_crop/chair7161_2008_001439.jpg,1,0
14735,all_crop/person14735_2008_000413.jpg,1,0
17414,all_crop/person17414_2010_001412.jpg,1,0
3073,all_crop/bottle3073_2009_001054.jpg,1,0
20878,all_crop/tvmonitor20878_2010_004479.jpg,1,0
16645,all_crop/person16645_2008_008500.jpg,1,0
7708,all_crop/chair7708_2009_003884.jpg,1,0
17780,all_crop/person17780_2010_004475.jpg,1,0
11343,all_crop/motorbike11343_2008_004554.jpg,1,0
20216,all_crop/train20216_2010_002213.jpg,1,0
16364,all_crop/person16364_2008_006382.jpg,1,0
17302,all_crop/person17302_2010_000140.jpg,1,0
1125,all_crop/bicycle1125_2009_001830.jpg,1,0
8964,all_crop/diningtable8964_2010_005936.jpg,1,0
20602,all_crop/tvmonitor20602_2008_003202.jpg,1,0
17733,all_crop/person17733_2010_004050.jpg,1,0
17170,all_crop/person17170_2009_004205.jpg,1,0
2941,all_crop/bottle2941_2008_001199.jpg,1,0
436,all_crop/aeroplane436_2008_007579.jpg,1,0
16787,all_crop/person16787_2009_000825.jpg,1,0
16354,all_crop/person16354_2008_006275.jpg,1,0
7920,all_crop/chair7920_2010_002877.jpg,1,0
18620,all_crop/pottedplant18620_2010_004224.jpg,1,0
7403,all_crop/chair7403_2008_007287.jpg,1,0
15854,all_crop/person15854_2008_003768.jpg,1,0
15891,all_crop/person15891_2008_003873.jpg,1,0
18589,all_crop/pottedplant18589_2010_001843.jpg,1,0
14946,all_crop/person14946_2008_001046.jpg,1,0
15251,all_crop/person15251_2008_001899.jpg,1,0
4578,all_crop/car4578_2008_006082.jpg,1,0
17476,all_crop/person17476_2010_001837.jpg,1,0
7799,all_crop/chair7799_2009_005205.jpg,1,0
7816,all_crop/chair7816_2010_000431.jpg,1,0
19649,all_crop/sofa19649_2009_002732.jpg,1,0
1168,all_crop/bicycle1168_2009_004758.jpg,1,0
16873,all_crop/person16873_2009_001718.jpg,1,0
7647,all_crop/chair7647_2009_002978.jpg,1,0
20658,all_crop/tvmonitor20658_2008_006147.jpg,1,0
656,all_crop/aeroplane656_2010_005718.jpg,1,0
1117,all_crop/bicycle1117_2009_001646.jpg,1,0
4958,all_crop/car4958_2010_003664.jpg,1,0
15999,all_crop/person15999_2008_004263.jpg,1,0
8869,all_crop/diningtable8869_2009_004499.jpg,1,0
16212,all_crop/person16212_2008_005447.jpg,1,0
14793,all_crop/person14793_2008_000579.jpg,1,0
4912,all_crop/car4912_2010_002783.jpg,1,0
15927,all_crop/person15927_2008_003996.jpg,1,0
3518,all_crop/bus3518_2008_008120.jpg,1,0
7121,all_crop/chair7121_2008_000246.jpg,1,0
18340,all_crop/pottedplant18340_2008_003676.jpg,1,0
4777,all_crop/car4777_2009_003725.jpg,1,0
353,all_crop/aeroplane353_2008_002673.jpg,1,0
16688,all_crop/person16688_2008_008758.jpg,1,0
17460,all_crop/person17460_2010_001720.jpg,1,0
20041,all_crop/train20041_2008_005825.jpg,1,0
7850,all_crop/chair7850_2010_001455.jpg,1,0
7219,all_crop/chair7219_2008_002508.jpg,1,0
3063,all_crop/bottle3063_2009_000783.jpg,1,0
16986,all_crop/person16986_2009_002584.jpg,1,0
11373,all_crop/motorbike11373_2008_006042.jpg,1,0
17677,all_crop/person17677_2010_003563.jpg,1,0
17942,all_crop/person17942_2010_005884.jpg,1,0
11405,all_crop/motorbike11405_2008_007955.jpg,1,0
20148,all_crop/train20148_2009_003311.jpg,1,0
3003,all_crop/bottle3003_2008_006282.jpg,1,0
495,all_crop/aeroplane495_2009_001696.jpg,1,0
8867,all_crop/diningtable8867_2009_004309.jpg,1,0
17960,all_crop/person17960_2010_006061.jpg,1,0
17679,all_crop/person17679_2010_003585.jpg,1,0
2519,all_crop/boat2519_2008_007841.jpg,1,0
1203,all_crop/bicycle1203_2010_001049.jpg,1,0
19706,all_crop/sofa19706_2010_001189.jpg,1,0
2513,all_crop/boat2513_2008_007643.jpg,1,0
14908,all_crop/person14908_2008_000942.jpg,1,0
532,all_crop/aeroplane532_2009_003199.jpg,1,0
15430,all_crop/person15430_2008_002414.jpg,1,0
17718,all_crop/person17718_2010_003936.jpg,1,0
11402,all_crop/motorbike11402_2008_007739.jpg,1,0
19612,all_crop/sofa19612_2009_000925.jpg,1,0
7640,all_crop/chair7640_2009_002816.jpg,1,0
17410,all_crop/person17410_2010_001411.jpg,1,0
17456,all_crop/person17456_2010_001682.jpg,1,0
20711,all_crop/tvmonitor20711_2009_000041.jpg,1,0
3523,all_crop/bus3523_2008_008469.jpg,1,0
16063,all_crop/person16063_2008_004482.jpg,1,0
14981,all_crop/person14981_2008_001122.jpg,1,0
15803,all_crop/person15803_2008_003619.jpg,1,0
16877,all_crop/person16877_2009_001758.jpg,1,0
18368,all_crop/pottedplant18368_2008_005242.jpg,1,0
20855,all_crop/tvmonitor20855_2010_002652.jpg,1,0
3531,all_crop/bus3531_2008_008683.jpg,1,0
8942,all_crop/diningtable8942_2010_004380.jpg,1,0
17841,all_crop/person17841_2010_005046.jpg,1,0
16886,all_crop/person16886_2009_001778.jpg,1,0
19680,all_crop/sofa19680_2009_004291.jpg,1,0
17640,all_crop/person17640_2010_003248.jpg,1,0
7952,all_crop/chair7952_2010_003540.jpg,1,0
18637,all_crop/pottedplant18637_2010_005455.jpg,1,0
2497,all_crop/boat2497_2008_006925.jpg,1,0
7233,all_crop/chair7233_2008_003178.jpg,1,0
8805,all_crop/diningtable8805_2009_000811.jpg,1,0
15230,all_crop/person15230_2008_001816.jpg,1,0
7221,all_crop/chair7221_2008_002508.jpg,1,0
2501,all_crop/boat2501_2008_007056.jpg,1,0
15164,all_crop/person15164_2008_001659.jpg,1,0
18624,all_crop/pottedplant18624_2010_004908.jpg,1,0
20796,all_crop/tvmonitor20796_2009_004062.jpg,1,0
15467,all_crop/person15467_2008_002502.jpg,1,0
3131,all_crop/bottle3131_2009_003269.jpg,1,0
15787,all_crop/person15787_2008_003565.jpg,1,0
16590,all_crop/person16590_2008_008231.jpg,1,0
3482,all_crop/bus3482_2008_002451.jpg,1,0
14821,all_crop/person14821_2008_000673.jpg,1,0
17318,all_crop/person17318_2010_000344.jpg,1,0
15730,all_crop/person15730_2008_003351.jpg,1,0
1212,all_crop/bicycle1212_2010_001921.jpg,1,0
4938,all_crop/car4938_2010_003129.jpg,1,0
8864,all_crop/diningtable8864_2009_004124.jpg,1,0
17141,all_crop/person17141_2009_004051.jpg,1,0
16018,all_crop/person16018_2008_004344.jpg,1,0
17542,all_crop/person17542_2010_002526.jpg,1,0
4936,all_crop/car4936_2010_003129.jpg,1,0
8843,all_crop/diningtable8843_2009_003123.jpg,1,0
16452,all_crop/person16452_2008_007091.jpg,1,0
2646,all_crop/boat2646_2010_004041.jpg,1,0
8826,all_crop/diningtable8826_2009_002433.jpg,1,0
15129,all_crop/person15129_2008_001593.jpg,1,0
17793,all_crop/person17793_2010_004597.jpg,1,0
2515,all_crop/boat2515_2008_007643.jpg,1,0
11288,all_crop/motorbike11288_2008_000378.jpg,1,0
8952,all_crop/diningtable8952_2010_005369.jpg,1,0
16011,all_crop/person16011_2008_004318.jpg,1,0
15611,all_crop/person15611_2008_002906.jpg,1,0
3578,all_crop/bus3578_2009_002128.jpg,1,0
17550,all_crop/person17550_2010_002629.jpg,1,0
4897,all_crop/car4897_2010_002194.jpg,1,0
16216,all_crop/person16216_2008_005490.jpg,1,0
17825,all_crop/person17825_2010_004889.jpg,1,0
4666,all_crop/car4666_2008_008177.jpg,1,0
8962,all_crop/diningtable8962_2010_005884.jpg,1,0
4698,all_crop/car4698_2009_000726.jpg,1,0
17308,all_crop/person17308_2010_000238.jpg,1,0
20067,all_crop/train20067_2008_008302.jpg,1,0
416,all_crop/aeroplane416_2008_006621.jpg,1,0
19577,all_crop/sofa19577_2008_008190.jpg,1,0
15190,all_crop/person15190_2008_001731.jpg,1,0
20190,all_crop/train20190_2010_000321.jpg,1,0
15063,all_crop/person15063_2008_001391.jpg,1,0
7641,all_crop/chair7641_2009_002816.jpg,1,0
17697,all_crop/person17697_2010_003632.jpg,1,0
15598,all_crop/person15598_2008_002869.jpg,1,0
15472,all_crop/person15472_2008_002526.jpg,1,0
11298,all_crop/motorbike11298_2008_001150.jpg,1,0
15801,all_crop/person15801_2008_003610.jpg,1,0
14828,all_crop/person14828_2008_000691.jpg,1,0
19610,all_crop/sofa19610_2009_000732.jpg,1,0
16745,all_crop/person16745_2009_000456.jpg,1,0
20201,all_crop/train20201_2010_000959.jpg,1,0
3109,all_crop/bottle3109_2009_002940.jpg,1,0
17034,all_crop/person17034_2009_003128.jpg,1,0
11357,all_crop/motorbike11357_2008_005139.jpg,1,0
1104,all_crop/bicycle1104_2009_000634.jpg,1,0
18526,all_crop/pottedplant18526_2009_004274.jpg,1,0
5007,all_crop/car5007_2010_005474.jpg,1,0
7187,all_crop/chair7187_2008_001723.jpg,1,0
1050,all_crop/bicycle1050_2008_007067.jpg,1,0
4763,all_crop/car4763_2009_003255.jpg,1,0
4924,all_crop/car4924_2010_002988.jpg,1,0
16558,all_crop/person16558_2008_007966.jpg,1,0
7395,all_crop/chair7395_2008_007287.jpg,1,0
7890,all_crop/chair7890_2010_002366.jpg,1,0
14922,all_crop/person14922_2008_000984.jpg,1,0
16626,all_crop/person16626_2008_008388.jpg,1,0
499,all_crop/aeroplane499_2009_001851.jpg,1,0
8872,all_crop/diningtable8872_2009_004720.jpg,1,0
2545,all_crop/boat2545_2009_001723.jpg,1,0
15492,all_crop/person15492_2008_002579.jpg,1,0
18533,all_crop/pottedplant18533_2009_004645.jpg,1,0
15396,all_crop/person15396_2008_002259.jpg,1,0
17770,all_crop/person17770_2010_004432.jpg,1,0
20039,all_crop/train20039_2008_005763.jpg,1,0
14859,all_crop/person14859_2008_000795.jpg,1,0
4937,all_crop/car4937_2010_003129.jpg,1,0
16614,all_crop/person16614_2008_008362.jpg,1,0
20621,all_crop/tvmonitor20621_2008_004297.jpg,1,0
1088,all_crop/bicycle1088_2008_008724.jpg,1,0
3510,all_crop/bus3510_2008_007488.jpg,1,0
2423,all_crop/boat2423_2008_001799.jpg,1,0
16874,all_crop/person16874_2009_001743.jpg,1,0
18617,all_crop/pottedplant18617_2010_003781.jpg,1,0
2956,all_crop/bottle2956_2008_003186.jpg,1,0
16639,all_crop/person16639_2008_008450.jpg,1,0
15274,all_crop/person15274_2008_001928.jpg,1,0
4443,all_crop/car4443_2008_002746.jpg,1,0
388,all_crop/aeroplane388_2008_004885.jpg,1,0
16266,all_crop/person16266_2008_005808.jpg,1,0
4989,all_crop/car4989_2010_004785.jpg,1,0
15021,all_crop/person15021_2008_001275.jpg,1,0
18591,all_crop/pottedplant18591_2010_001851.jpg,1,0
15487,all_crop/person15487_2008_002567.jpg,1,0
17716,all_crop/person17716_2010_003878.jpg,1,0
19531,all_crop/sofa19531_2008_002092.jpg,1,0
17891,all_crop/person17891_2010_005410.jpg,1,0
2602,all_crop/boat2602_2010_000145.jpg,1,0
16284,all_crop/person16284_2008_005884.jpg,1,0
530,all_crop/aeroplane530_2009_003153.jpg,1,0
16754,all_crop/person16754_2009_000606.jpg,1,0
1098,all_crop/bicycle1098_2009_000351.jpg,1,0
2554,all_crop/boat2554_2009_001941.jpg,1,0
16495,all_crop/person16495_2008_007514.jpg,1,0
400,all_crop/aeroplane400_2008_005750.jpg,1,0
17392,all_crop/person17392_2010_001119.jpg,1,0
15142,all_crop/person15142_2008_001613.jpg,1,0
16403,all_crop/person16403_2008_006732.jpg,1,0
14751,all_crop/person14751_2008_000473.jpg,1,0
8844,all_crop/diningtable8844_2009_003150.jpg,1,0
7959,all_crop/chair7959_2010_003861.jpg,1,0
11331,all_crop/motorbike11331_2008_003334.jpg,1,0
20676,all_crop/tvmonitor20676_2008_006710.jpg,1,0
16872,all_crop/person16872_2009_001709.jpg,1,0
2982,all_crop/bottle2982_2008_005204.jpg,1,0
1107,all_crop/bicycle1107_2009_000820.jpg,1,0
8817,all_crop/diningtable8817_2009_002024.jpg,1,0
18555,all_crop/pottedplant18555_2010_000015.jpg,1,0
1192,all_crop/bicycle1192_2010_000254.jpg,1,0
14989,all_crop/person14989_2008_001167.jpg,1,0
7119,all_crop/chair7119_2008_000115.jpg,1,0
17486,all_crop/person17486_2010_002002.jpg,1,0
15874,all_crop/person15874_2008_003825.jpg,1,0
7267,all_crop/chair7267_2008_004289.jpg,1,0
15885,all_crop/person15885_2008_003860.jpg,1,0
17809,all_crop/person17809_2010_004743.jpg,1,0
19657,all_crop/sofa19657_2009_003440.jpg,1,0
16303,all_crop/person16303_2008_006059.jpg,1,0
5006,all_crop/car5006_2010_005432.jpg,1,0
4856,all_crop/car4856_2010_000689.jpg,1,0
465,all_crop/aeroplane465_2008_008519.jpg,1,0
4487,all_crop/car4487_2008_003943.jpg,1,0
16893,all_crop/person16893_2009_001799.jpg,1,0
4398,all_crop/car4398_2008_000952.jpg,1,0
17322,all_crop/person17322_2010_000358.jpg,1,0
14727,all_crop/person14727_2008_000407.jpg,1,0
17926,all_crop/person17926_2010_005654.jpg,1,0
1115,all_crop/bicycle1115_2009_001384.jpg,1,0
16124,all_crop/person16124_2008_004851.jpg,1,0
16440,all_crop/person16440_2008_006991.jpg,1,0
18489,all_crop/pottedplant18489_2009_002670.jpg,1,0
4408,all_crop/car4408_2008_001262.jpg,1,0
11316,all_crop/motorbike11316_2008_002240.jpg,1,0
15175,all_crop/person15175_2008_001680.jpg,1,0
17862,all_crop/person17862_2010_005243.jpg,1,0
15285,all_crop/person15285_2008_001958.jpg,1,0
16828,all_crop/person16828_2009_001181.jpg,1,0
15842,all_crop/person15842_2008_003745.jpg,1,0
16748,all_crop/person16748_2009_000496.jpg,1,0
16029,all_crop/person16029_2008_004389.jpg,1,0
7905,all_crop/chair7905_2010_002605.jpg,1,0
17236,all_crop/person17236_2009_004899.jpg,1,0
2395,all_crop/boat2395_2008_000082.jpg,1,0
15465,all_crop/person15465_2008_002495.jpg,1,0
16801,all_crop/person16801_2009_000901.jpg,1,0
18608,all_crop/pottedplant18608_2010_003302.jpg,1,0
7881,all_crop/chair7881_2010_002211.jpg,1,0
605,all_crop/aeroplane605_2010_002939.jpg,1,0
16743,all_crop/person16743_2009_000453.jpg,1,0
20623,all_crop/tvmonitor20623_2008_004333.jpg,1,0
4644,all_crop/car4644_2008_007488.jpg,1,0
11323,all_crop/motorbike11323_2008_002752.jpg,1,0
20802,all_crop/tvmonitor20802_2009_004062.jpg,1,0
20873,all_crop/tvmonitor20873_2010_004102.jpg,1,0
15539,all_crop/person15539_2008_002725.jpg,1,0
2624,all_crop/boat2624_2010_002321.jpg,1,0
4461,all_crop/car4461_2008_003405.jpg,1,0
8032,all_crop/chair8032_2010_005493.jpg,1,0
4804,all_crop/car4804_2009_004471.jpg,1,0
3192,all_crop/bottle3192_2010_002858.jpg,1,0
11453,all_crop/motorbike11453_2009_001805.jpg,1,0
482,all_crop/aeroplane482_2009_000817.jpg,1,0
16432,all_crop/person16432_2008_006952.jpg,1,0
18422,all_crop/pottedplant18422_2008_007831.jpg,1,0
11292,all_crop/motorbike11292_2008_000806.jpg,1,0
4781,all_crop/car4781_2009_003879.jpg,1,0
14957,all_crop/person14957_2008_001063.jpg,1,0
4516,all_crop/car4516_2008_004832.jpg,1,0
17918,all_crop/person17918_2010_005620.jpg,1,0
16832,all_crop/person16832_2009_001215.jpg,1,0
7603,all_crop/chair7603_2009_002471.jpg,1,0
7759,all_crop/chair7759_2009_004718.jpg,1,0
15257,all_crop/person15257_2008_001907.jpg,1,0
17693,all_crop/person17693_2010_003630.jpg,1,0
3660,all_crop/bus3660_2010_000947.jpg,1,0
7988,all_crop/chair7988_2010_004775.jpg,1,0
15458,all_crop/person15458_2008_002483.jpg,1,0
8892,all_crop/diningtable8892_2010_000352.jpg,1,0
3655,all_crop/bus3655_2010_000726.jpg,1,0
16970,all_crop/person16970_2009_002512.jpg,1,0
17907,all_crop/person17907_2010_005572.jpg,1,0
14941,all_crop/person14941_2008_001046.jpg,1,0
3071,all_crop/bottle3071_2009_001024.jpg,1,0
20781,all_crop/tvmonitor20781_2009_004062.jpg,1,0
1183,all_crop/bicycle1183_2009_005156.jpg,1,0
7904,all_crop/chair7904_2010_002605.jpg,1,0
17368,all_crop/person17368_2010_000792.jpg,1,0
4983,all_crop/car4983_2010_004661.jpg,1,0
7930,all_crop/chair7930_2010_003154.jpg,1,0
18301,all_crop/pottedplant18301_2008_000960.jpg,1,0
17945,all_crop/person17945_2010_005907.jpg,1,0
18300,all_crop/pottedplant18300_2008_000916.jpg,1,0
11371,all_crop/motorbike11371_2008_005915.jpg,1,0
2558,all_crop/boat2558_2009_002308.jpg,1,0
15178,all_crop/person15178_2008_001680.jpg,1,0
16324,all_crop/person16324_2008_006120.jpg,1,0
16516,all_crop/person16516_2008_007676.jpg,1,0
15596,all_crop/person15596_2008_002864.jpg,1,0
16865,all_crop/person16865_2009_001617.jpg,1,0
15604,all_crop/person15604_2008_002882.jpg,1,0
20100,all_crop/train20100_2009_001007.jpg,1,0
11297,all_crop/motorbike11297_2008_001007.jpg,1,0
17084,all_crop/person17084_2009_003499.jpg,1,0
969,all_crop/bicycle969_2008_000803.jpg,1,0
18416,all_crop/pottedplant18416_2008_007525.jpg,1,0
7701,all_crop/chair7701_2009_003813.jpg,1,0
2595,all_crop/boat2595_2009_005239.jpg,1,0
4378,all_crop/car4378_2008_000174.jpg,1,0
17083,all_crop/person17083_2009_003494.jpg,1,0
3224,all_crop/bottle3224_2010_005379.jpg,1,0
17555,all_crop/person17555_2010_002704.jpg,1,0
4761,all_crop/car4761_2009_003255.jpg,1,0
19640,all_crop/sofa19640_2009_002346.jpg,1,0
20834,all_crop/tvmonitor20834_2010_000944.jpg,1,0
7789,all_crop/chair7789_2009_005202.jpg,1,0
7231,all_crop/chair7231_2008_003136.jpg,1,0
11539,all_crop/motorbike11539_2010_003314.jpg,1,0
982,all_crop/bicycle982_2008_002269.jpg,1,0
15860,all_crop/person15860_2008_003780.jpg,1,0
7426,all_crop/chair7426_2008_007741.jpg,1,0
4756,all_crop/car4756_2009_003212.jpg,1,0
3532,all_crop/bus3532_2008_008684.jpg,1,0
1026,all_crop/bicycle1026_2008_005599.jpg,1,0
15782,all_crop/person15782_2008_003545.jpg,1,0
7883,all_crop/chair7883_2010_002336.jpg,1,0
8915,all_crop/diningtable8915_2010_002336.jpg,1,0
15929,all_crop/person15929_2008_004003.jpg,1,0
7409,all_crop/chair7409_2008_007378.jpg,1,0
1000,all_crop/bicycle1000_2008_003940.jpg,1,0
15201,all_crop/person15201_2008_001763.jpg,1,0
2644,all_crop/boat2644_2010_004041.jpg,1,0
7566,all_crop/chair7566_2009_002078.jpg,1,0
16260,all_crop/person16260_2008_005779.jpg,1,0
17409,all_crop/person17409_2010_001411.jpg,1,0
14865,all_crop/person14865_2008_000803.jpg,1,0
16708,all_crop/person16708_2009_000169.jpg,1,0
7638,all_crop/chair7638_2009_002785.jpg,1,0
2971,all_crop/bottle2971_2008_004926.jpg,1,0
