8062,all_crop/cow8062_2008_000335.jpg,0,1
8063,all_crop/cow8063_2008_000335.jpg,0,1
8064,all_crop/cow8064_2008_000711.jpg,0,1
8065,all_crop/cow8065_2008_000711.jpg,0,1
8066,all_crop/cow8066_2008_000711.jpg,0,1
8067,all_crop/cow8067_2008_000711.jpg,0,1
8068,all_crop/cow8068_2008_000905.jpg,0,1
8069,all_crop/cow8069_2008_001359.jpg,0,1
8070,all_crop/cow8070_2008_001653.jpg,0,1
8071,all_crop/cow8071_2008_002270.jpg,0,1
8072,all_crop/cow8072_2008_002278.jpg,0,1
8073,all_crop/cow8073_2008_002278.jpg,0,1
8074,all_crop/cow8074_2008_002278.jpg,0,1
8075,all_crop/cow8075_2008_002278.jpg,0,1
8076,all_crop/cow8076_2008_003065.jpg,0,1
8077,all_crop/cow8077_2008_003094.jpg,0,1
8078,all_crop/cow8078_2008_003094.jpg,0,1
8079,all_crop/cow8079_2008_003094.jpg,0,1
8080,all_crop/cow8080_2008_003297.jpg,0,1
8081,all_crop/cow8081_2008_004450.jpg,0,1
8082,all_crop/cow8082_2008_004827.jpg,0,1
8083,all_crop/cow8083_2008_004841.jpg,0,1
8084,all_crop/cow8084_2008_005375.jpg,0,1
8085,all_crop/cow8085_2008_005375.jpg,0,1
8086,all_crop/cow8086_2008_005714.jpg,0,1
8087,all_crop/cow8087_2008_006210.jpg,0,1
8088,all_crop/cow8088_2008_006210.jpg,0,1
8089,all_crop/cow8089_2008_006355.jpg,0,1
8090,all_crop/cow8090_2008_006496.jpg,0,1
8091,all_crop/cow8091_2008_006496.jpg,0,1
8092,all_crop/cow8092_2008_006827.jpg,0,1
8093,all_crop/cow8093_2008_006827.jpg,0,1
8094,all_crop/cow8094_2008_007009.jpg,0,1
8095,all_crop/cow8095_2008_007009.jpg,0,1
8096,all_crop/cow8096_2008_007009.jpg,0,1
8097,all_crop/cow8097_2008_007014.jpg,0,1
8098,all_crop/cow8098_2008_007026.jpg,0,1
8099,all_crop/cow8099_2008_007026.jpg,0,1
8100,all_crop/cow8100_2008_007026.jpg,0,1
8101,all_crop/cow8101_2008_007544.jpg,0,1
8102,all_crop/cow8102_2008_007544.jpg,0,1
8103,all_crop/cow8103_2008_007666.jpg,0,1
8104,all_crop/cow8104_2008_007666.jpg,0,1
8105,all_crop/cow8105_2008_007666.jpg,0,1
8106,all_crop/cow8106_2008_007666.jpg,0,1
8107,all_crop/cow8107_2008_007666.jpg,0,1
8108,all_crop/cow8108_2008_007666.jpg,0,1
8109,all_crop/cow8109_2008_007666.jpg,0,1
8110,all_crop/cow8110_2008_008121.jpg,0,1
8111,all_crop/cow8111_2008_008132.jpg,0,1
8112,all_crop/cow8112_2008_008169.jpg,0,1
8113,all_crop/cow8113_2008_008199.jpg,0,1
8114,all_crop/cow8114_2008_008199.jpg,0,1
8115,all_crop/cow8115_2008_008199.jpg,0,1
8116,all_crop/cow8116_2008_008370.jpg,0,1
8117,all_crop/cow8117_2008_008428.jpg,0,1
8118,all_crop/cow8118_2008_008521.jpg,0,1
8119,all_crop/cow8119_2008_008521.jpg,0,1
8120,all_crop/cow8120_2008_008521.jpg,0,1
8121,all_crop/cow8121_2008_008521.jpg,0,1
8122,all_crop/cow8122_2008_008521.jpg,0,1
8123,all_crop/cow8123_2008_008521.jpg,0,1
8124,all_crop/cow8124_2008_008521.jpg,0,1
8125,all_crop/cow8125_2008_008541.jpg,0,1
8126,all_crop/cow8126_2008_008635.jpg,0,1
8127,all_crop/cow8127_2008_008654.jpg,0,1
8128,all_crop/cow8128_2008_008685.jpg,0,1
8129,all_crop/cow8129_2008_008685.jpg,0,1
8130,all_crop/cow8130_2009_000091.jpg,0,1
8131,all_crop/cow8131_2009_000250.jpg,0,1
8132,all_crop/cow8132_2009_000285.jpg,0,1
8133,all_crop/cow8133_2009_000471.jpg,0,1
8134,all_crop/cow8134_2009_000471.jpg,0,1
8135,all_crop/cow8135_2009_000626.jpg,0,1
8136,all_crop/cow8136_2009_000626.jpg,0,1
8137,all_crop/cow8137_2009_000632.jpg,0,1
8138,all_crop/cow8138_2009_000694.jpg,0,1
8139,all_crop/cow8139_2009_000694.jpg,0,1
8140,all_crop/cow8140_2009_000709.jpg,0,1
8141,all_crop/cow8141_2009_000768.jpg,0,1
8142,all_crop/cow8142_2009_000768.jpg,0,1
8143,all_crop/cow8143_2009_000899.jpg,0,1
8144,all_crop/cow8144_2009_001079.jpg,0,1
8145,all_crop/cow8145_2009_001104.jpg,0,1
8146,all_crop/cow8146_2009_001104.jpg,0,1
8147,all_crop/cow8147_2009_001104.jpg,0,1
8148,all_crop/cow8148_2009_001104.jpg,0,1
8149,all_crop/cow8149_2009_001145.jpg,0,1
8150,all_crop/cow8150_2009_001163.jpg,0,1
8151,all_crop/cow8151_2009_001163.jpg,0,1
8152,all_crop/cow8152_2009_001475.jpg,0,1
8153,all_crop/cow8153_2009_001798.jpg,0,1
8154,all_crop/cow8154_2009_001873.jpg,0,1
8155,all_crop/cow8155_2009_001873.jpg,0,1
8156,all_crop/cow8156_2009_002019.jpg,0,1
8157,all_crop/cow8157_2009_002019.jpg,0,1
8158,all_crop/cow8158_2009_002118.jpg,0,1
8159,all_crop/cow8159_2009_002118.jpg,0,1
8160,all_crop/cow8160_2009_002118.jpg,0,1
8161,all_crop/cow8161_2009_002118.jpg,0,1
8162,all_crop/cow8162_2009_002118.jpg,0,1
8163,all_crop/cow8163_2009_002118.jpg,0,1
8164,all_crop/cow8164_2009_002229.jpg,0,1
8165,all_crop/cow8165_2009_002422.jpg,0,1
8166,all_crop/cow8166_2009_002422.jpg,0,1
8167,all_crop/cow8167_2009_002472.jpg,0,1
8168,all_crop/cow8168_2009_002542.jpg,0,1
8169,all_crop/cow8169_2009_002542.jpg,0,1
8170,all_crop/cow8170_2009_002588.jpg,0,1
8171,all_crop/cow8171_2009_002597.jpg,0,1
8172,all_crop/cow8172_2009_002597.jpg,0,1
8173,all_crop/cow8173_2009_002648.jpg,0,1
8174,all_crop/cow8174_2009_002869.jpg,0,1
8175,all_crop/cow8175_2009_002869.jpg,0,1
8176,all_crop/cow8176_2009_002869.jpg,0,1
8177,all_crop/cow8177_2009_002901.jpg,0,1
8178,all_crop/cow8178_2009_002912.jpg,0,1
8179,all_crop/cow8179_2009_002912.jpg,0,1
8180,all_crop/cow8180_2009_002912.jpg,0,1
8181,all_crop/cow8181_2009_003146.jpg,0,1
8182,all_crop/cow8182_2009_003173.jpg,0,1
8183,all_crop/cow8183_2009_003173.jpg,0,1
8184,all_crop/cow8184_2009_003218.jpg,0,1
8185,all_crop/cow8185_2009_003455.jpg,0,1
8186,all_crop/cow8186_2009_003510.jpg,0,1
8187,all_crop/cow8187_2009_003634.jpg,0,1
8188,all_crop/cow8188_2009_003808.jpg,0,1
8189,all_crop/cow8189_2009_003825.jpg,0,1
8190,all_crop/cow8190_2009_003825.jpg,0,1
8191,all_crop/cow8191_2009_003825.jpg,0,1
8192,all_crop/cow8192_2009_003825.jpg,0,1
8193,all_crop/cow8193_2009_003933.jpg,0,1
8194,all_crop/cow8194_2009_003956.jpg,0,1
8195,all_crop/cow8195_2009_003956.jpg,0,1
8196,all_crop/cow8196_2009_003956.jpg,0,1
8197,all_crop/cow8197_2009_003975.jpg,0,1
8198,all_crop/cow8198_2009_003975.jpg,0,1
8199,all_crop/cow8199_2009_004169.jpg,0,1
8200,all_crop/cow8200_2009_004169.jpg,0,1
8201,all_crop/cow8201_2009_004169.jpg,0,1
8202,all_crop/cow8202_2009_004186.jpg,0,1
8203,all_crop/cow8203_2009_004289.jpg,0,1
8204,all_crop/cow8204_2009_004289.jpg,0,1
8205,all_crop/cow8205_2009_004316.jpg,0,1
8206,all_crop/cow8206_2009_004351.jpg,0,1
8207,all_crop/cow8207_2009_004351.jpg,0,1
8208,all_crop/cow8208_2009_004451.jpg,0,1
8209,all_crop/cow8209_2009_004451.jpg,0,1
8210,all_crop/cow8210_2009_004451.jpg,0,1
8211,all_crop/cow8211_2009_004451.jpg,0,1
8212,all_crop/cow8212_2009_004451.jpg,0,1
8213,all_crop/cow8213_2009_004787.jpg,0,1
8214,all_crop/cow8214_2009_005081.jpg,0,1
8215,all_crop/cow8215_2009_005307.jpg,0,1
8216,all_crop/cow8216_2010_000063.jpg,0,1
8217,all_crop/cow8217_2010_000063.jpg,0,1
8218,all_crop/cow8218_2010_000063.jpg,0,1
8219,all_crop/cow8219_2010_000465.jpg,0,1
8220,all_crop/cow8220_2010_000498.jpg,0,1
8221,all_crop/cow8221_2010_000545.jpg,0,1
8222,all_crop/cow8222_2010_000545.jpg,0,1
8223,all_crop/cow8223_2010_000545.jpg,0,1
8224,all_crop/cow8224_2010_000808.jpg,0,1
8225,all_crop/cow8225_2010_000910.jpg,0,1
8226,all_crop/cow8226_2010_000954.jpg,0,1
8227,all_crop/cow8227_2010_000954.jpg,0,1
8228,all_crop/cow8228_2010_001317.jpg,0,1
8229,all_crop/cow8229_2010_001406.jpg,0,1
8230,all_crop/cow8230_2010_001406.jpg,0,1
8231,all_crop/cow8231_2010_001406.jpg,0,1
8232,all_crop/cow8232_2010_001406.jpg,0,1
8233,all_crop/cow8233_2010_001694.jpg,0,1
8234,all_crop/cow8234_2010_002018.jpg,0,1
8235,all_crop/cow8235_2010_002018.jpg,0,1
8236,all_crop/cow8236_2010_002018.jpg,0,1
8237,all_crop/cow8237_2010_002018.jpg,0,1
8238,all_crop/cow8238_2010_002047.jpg,0,1
8239,all_crop/cow8239_2010_002139.jpg,0,1
8240,all_crop/cow8240_2010_002254.jpg,0,1
8241,all_crop/cow8241_2010_002320.jpg,0,1
8242,all_crop/cow8242_2010_002797.jpg,0,1
8243,all_crop/cow8243_2010_002797.jpg,0,1
8244,all_crop/cow8244_2010_002834.jpg,0,1
8245,all_crop/cow8245_2010_003011.jpg,0,1
8246,all_crop/cow8246_2010_003345.jpg,0,1
8247,all_crop/cow8247_2010_003383.jpg,0,1
8248,all_crop/cow8248_2010_003383.jpg,0,1
8249,all_crop/cow8249_2010_003383.jpg,0,1
8250,all_crop/cow8250_2010_003383.jpg,0,1
8251,all_crop/cow8251_2010_003507.jpg,0,1
8252,all_crop/cow8252_2010_003507.jpg,0,1
8253,all_crop/cow8253_2010_003507.jpg,0,1
8254,all_crop/cow8254_2010_003507.jpg,0,1
8255,all_crop/cow8255_2010_003507.jpg,0,1
8256,all_crop/cow8256_2010_003507.jpg,0,1
8257,all_crop/cow8257_2010_003821.jpg,0,1
8258,all_crop/cow8258_2010_003821.jpg,0,1
8259,all_crop/cow8259_2010_004030.jpg,0,1
8260,all_crop/cow8260_2010_004163.jpg,0,1
8261,all_crop/cow8261_2010_004210.jpg,0,1
8262,all_crop/cow8262_2010_004210.jpg,0,1
8263,all_crop/cow8263_2010_004210.jpg,0,1
8264,all_crop/cow8264_2010_004264.jpg,0,1
8265,all_crop/cow8265_2010_004283.jpg,0,1
8266,all_crop/cow8266_2010_004436.jpg,0,1
8267,all_crop/cow8267_2010_004598.jpg,0,1
8268,all_crop/cow8268_2010_004655.jpg,0,1
8269,all_crop/cow8269_2010_005062.jpg,0,1
8270,all_crop/cow8270_2010_005062.jpg,0,1
8271,all_crop/cow8271_2010_005223.jpg,0,1
8272,all_crop/cow8272_2010_005223.jpg,0,1
8273,all_crop/cow8273_2010_005223.jpg,0,1
8274,all_crop/cow8274_2010_005223.jpg,0,1
8275,all_crop/cow8275_2010_005258.jpg,0,1
8276,all_crop/cow8276_2010_005276.jpg,0,1
8277,all_crop/cow8277_2010_005276.jpg,0,1
8278,all_crop/cow8278_2010_005297.jpg,0,1
8279,all_crop/cow8279_2010_005297.jpg,0,1
8280,all_crop/cow8280_2010_005297.jpg,0,1
8281,all_crop/cow8281_2010_005297.jpg,0,1
8282,all_crop/cow8282_2010_005458.jpg,0,1
8283,all_crop/cow8283_2010_005468.jpg,0,1
8284,all_crop/cow8284_2010_005668.jpg,0,1
8285,all_crop/cow8285_2008_000009.jpg,0,0
8286,all_crop/cow8286_2008_000009.jpg,0,0
8287,all_crop/cow8287_2008_000073.jpg,0,0
8288,all_crop/cow8288_2008_000876.jpg,0,0
8289,all_crop/cow8289_2008_000919.jpg,0,0
8290,all_crop/cow8290_2008_000964.jpg,0,0
8291,all_crop/cow8291_2008_000964.jpg,0,0
8292,all_crop/cow8292_2008_000964.jpg,0,0
8293,all_crop/cow8293_2008_001062.jpg,0,0
8294,all_crop/cow8294_2008_001062.jpg,0,0
8295,all_crop/cow8295_2008_001062.jpg,0,0
8296,all_crop/cow8296_2008_001062.jpg,0,0
8297,all_crop/cow8297_2008_001062.jpg,0,0
8298,all_crop/cow8298_2008_002709.jpg,0,0
8299,all_crop/cow8299_2008_002732.jpg,0,0
8300,all_crop/cow8300_2008_002778.jpg,0,0
8301,all_crop/cow8301_2008_003256.jpg,0,0
8302,all_crop/cow8302_2008_003256.jpg,0,0
8303,all_crop/cow8303_2008_004394.jpg,0,0
8304,all_crop/cow8304_2008_004701.jpg,0,0
8305,all_crop/cow8305_2008_005010.jpg,0,0
8306,all_crop/cow8306_2008_005010.jpg,0,0
8307,all_crop/cow8307_2008_005010.jpg,0,0
8308,all_crop/cow8308_2008_005010.jpg,0,0
8309,all_crop/cow8309_2008_005010.jpg,0,0
8310,all_crop/cow8310_2008_005097.jpg,0,0
8311,all_crop/cow8311_2008_005097.jpg,0,0
8312,all_crop/cow8312_2008_005097.jpg,0,0
8313,all_crop/cow8313_2008_005097.jpg,0,0
8314,all_crop/cow8314_2008_005105.jpg,0,0
8315,all_crop/cow8315_2008_005681.jpg,0,0
8316,all_crop/cow8316_2008_006063.jpg,0,0
8317,all_crop/cow8317_2008_006290.jpg,0,0
8318,all_crop/cow8318_2008_006290.jpg,0,0
8319,all_crop/cow8319_2008_006528.jpg,0,0
8320,all_crop/cow8320_2008_006547.jpg,0,0
8321,all_crop/cow8321_2008_006547.jpg,0,0
8322,all_crop/cow8322_2008_006880.jpg,0,0
8323,all_crop/cow8323_2008_006880.jpg,0,0
8324,all_crop/cow8324_2008_006904.jpg,0,0
8325,all_crop/cow8325_2008_006904.jpg,0,0
8326,all_crop/cow8326_2008_006904.jpg,0,0
8327,all_crop/cow8327_2008_006904.jpg,0,0
8328,all_crop/cow8328_2008_006904.jpg,0,0
8329,all_crop/cow8329_2008_007025.jpg,0,0
8330,all_crop/cow8330_2008_007025.jpg,0,0
8331,all_crop/cow8331_2008_007031.jpg,0,0
8332,all_crop/cow8332_2008_007123.jpg,0,0
8333,all_crop/cow8333_2008_007273.jpg,0,0
8334,all_crop/cow8334_2008_007273.jpg,0,0
8335,all_crop/cow8335_2008_007398.jpg,0,0
8336,all_crop/cow8336_2008_007398.jpg,0,0
8337,all_crop/cow8337_2008_007586.jpg,0,0
8338,all_crop/cow8338_2008_007596.jpg,0,0
8339,all_crop/cow8339_2008_007729.jpg,0,0
8340,all_crop/cow8340_2008_007932.jpg,0,0
8341,all_crop/cow8341_2008_007932.jpg,0,0
8342,all_crop/cow8342_2008_008115.jpg,0,0
8343,all_crop/cow8343_2008_008115.jpg,0,0
8344,all_crop/cow8344_2008_008115.jpg,0,0
8345,all_crop/cow8345_2008_008115.jpg,0,0
8346,all_crop/cow8346_2008_008115.jpg,0,0
8347,all_crop/cow8347_2008_008115.jpg,0,0
8348,all_crop/cow8348_2008_008241.jpg,0,0
8349,all_crop/cow8349_2008_008241.jpg,0,0
8350,all_crop/cow8350_2008_008241.jpg,0,0
8351,all_crop/cow8351_2008_008241.jpg,0,0
8352,all_crop/cow8352_2008_008437.jpg,0,0
8353,all_crop/cow8353_2008_008617.jpg,0,0
8354,all_crop/cow8354_2008_008617.jpg,0,0
8355,all_crop/cow8355_2008_008675.jpg,0,0
8356,all_crop/cow8356_2008_008713.jpg,0,0
8357,all_crop/cow8357_2009_000066.jpg,0,0
8358,all_crop/cow8358_2009_000066.jpg,0,0
8359,all_crop/cow8359_2009_000066.jpg,0,0
8360,all_crop/cow8360_2009_000219.jpg,0,0
8361,all_crop/cow8361_2009_000219.jpg,0,0
8362,all_crop/cow8362_2009_000309.jpg,0,0
8363,all_crop/cow8363_2009_000309.jpg,0,0
8364,all_crop/cow8364_2009_000309.jpg,0,0
8365,all_crop/cow8365_2009_000472.jpg,0,0
8366,all_crop/cow8366_2009_000559.jpg,0,0
8367,all_crop/cow8367_2009_000559.jpg,0,0
8368,all_crop/cow8368_2009_000574.jpg,0,0
8369,all_crop/cow8369_2009_000574.jpg,0,0
8370,all_crop/cow8370_2009_000574.jpg,0,0
8371,all_crop/cow8371_2009_000574.jpg,0,0
8372,all_crop/cow8372_2009_000574.jpg,0,0
8373,all_crop/cow8373_2009_000574.jpg,0,0
8374,all_crop/cow8374_2009_000641.jpg,0,0
8375,all_crop/cow8375_2009_000641.jpg,0,0
8376,all_crop/cow8376_2009_000731.jpg,0,0
8377,all_crop/cow8377_2009_000771.jpg,0,0
8378,all_crop/cow8378_2009_000771.jpg,0,0
8379,all_crop/cow8379_2009_000971.jpg,0,0
8380,all_crop/cow8380_2009_001134.jpg,0,0
8381,all_crop/cow8381_2009_001134.jpg,0,0
8382,all_crop/cow8382_2009_001257.jpg,0,0
8383,all_crop/cow8383_2009_001413.jpg,0,0
8384,all_crop/cow8384_2009_001518.jpg,0,0
8385,all_crop/cow8385_2009_001518.jpg,0,0
8386,all_crop/cow8386_2009_001518.jpg,0,0
8387,all_crop/cow8387_2009_001594.jpg,0,0
8388,all_crop/cow8388_2009_001673.jpg,0,0
8389,all_crop/cow8389_2009_001673.jpg,0,0
8390,all_crop/cow8390_2009_001673.jpg,0,0
8391,all_crop/cow8391_2009_001673.jpg,0,0
8392,all_crop/cow8392_2009_001673.jpg,0,0
8393,all_crop/cow8393_2009_002002.jpg,0,0
8394,all_crop/cow8394_2009_002035.jpg,0,0
8395,all_crop/cow8395_2009_002122.jpg,0,0
8396,all_crop/cow8396_2009_002122.jpg,0,0
8397,all_crop/cow8397_2009_002136.jpg,0,0
8398,all_crop/cow8398_2009_002150.jpg,0,0
8399,all_crop/cow8399_2009_002171.jpg,0,0
8400,all_crop/cow8400_2009_002221.jpg,0,0
8401,all_crop/cow8401_2009_002221.jpg,0,0
8402,all_crop/cow8402_2009_002360.jpg,0,0
8403,all_crop/cow8403_2009_002360.jpg,0,0
8404,all_crop/cow8404_2009_002510.jpg,0,0
8405,all_crop/cow8405_2009_002510.jpg,0,0
8406,all_crop/cow8406_2009_002510.jpg,0,0
8407,all_crop/cow8407_2009_002510.jpg,0,0
8408,all_crop/cow8408_2009_002518.jpg,0,0
8409,all_crop/cow8409_2009_002549.jpg,0,0
8410,all_crop/cow8410_2009_002549.jpg,0,0
8411,all_crop/cow8411_2009_002635.jpg,0,0
8412,all_crop/cow8412_2009_002635.jpg,0,0
8413,all_crop/cow8413_2009_002635.jpg,0,0
8414,all_crop/cow8414_2009_002708.jpg,0,0
8415,all_crop/cow8415_2009_002772.jpg,0,0
8416,all_crop/cow8416_2009_002772.jpg,0,0
8417,all_crop/cow8417_2009_002986.jpg,0,0
8418,all_crop/cow8418_2009_002986.jpg,0,0
8419,all_crop/cow8419_2009_002986.jpg,0,0
8420,all_crop/cow8420_2009_003059.jpg,0,0
8421,all_crop/cow8421_2009_003059.jpg,0,0
8422,all_crop/cow8422_2009_003089.jpg,0,0
8423,all_crop/cow8423_2009_003089.jpg,0,0
8424,all_crop/cow8424_2009_003189.jpg,0,0
8425,all_crop/cow8425_2009_003297.jpg,0,0
8426,all_crop/cow8426_2009_003521.jpg,0,0
8427,all_crop/cow8427_2009_003521.jpg,0,0
8428,all_crop/cow8428_2009_003542.jpg,0,0
8429,all_crop/cow8429_2009_003569.jpg,0,0
8430,all_crop/cow8430_2009_003569.jpg,0,0
8431,all_crop/cow8431_2009_003569.jpg,0,0
8432,all_crop/cow8432_2009_003569.jpg,0,0
8433,all_crop/cow8433_2009_003773.jpg,0,0
8434,all_crop/cow8434_2009_003901.jpg,0,0
8435,all_crop/cow8435_2009_004233.jpg,0,0
8436,all_crop/cow8436_2009_004284.jpg,0,0
8437,all_crop/cow8437_2009_004284.jpg,0,0
8438,all_crop/cow8438_2009_004284.jpg,0,0
8439,all_crop/cow8439_2009_004366.jpg,0,0
8440,all_crop/cow8440_2009_004679.jpg,0,0
8441,all_crop/cow8441_2009_004929.jpg,0,0
8442,all_crop/cow8442_2009_005068.jpg,0,0
8443,all_crop/cow8443_2009_005068.jpg,0,0
8444,all_crop/cow8444_2009_005229.jpg,0,0
8445,all_crop/cow8445_2009_005229.jpg,0,0
8446,all_crop/cow8446_2009_005229.jpg,0,0
8447,all_crop/cow8447_2009_005229.jpg,0,0
8448,all_crop/cow8448_2009_005229.jpg,0,0
8449,all_crop/cow8449_2009_005229.jpg,0,0
8450,all_crop/cow8450_2009_005267.jpg,0,0
8451,all_crop/cow8451_2010_000427.jpg,0,0
8452,all_crop/cow8452_2010_000548.jpg,0,0
8453,all_crop/cow8453_2010_000907.jpg,0,0
8454,all_crop/cow8454_2010_000907.jpg,0,0
8455,all_crop/cow8455_2010_001000.jpg,0,0
8456,all_crop/cow8456_2010_001010.jpg,0,0
8457,all_crop/cow8457_2010_001010.jpg,0,0
8458,all_crop/cow8458_2010_001107.jpg,0,0
8459,all_crop/cow8459_2010_001548.jpg,0,0
8460,all_crop/cow8460_2010_001671.jpg,0,0
8461,all_crop/cow8461_2010_001671.jpg,0,0
8462,all_crop/cow8462_2010_001692.jpg,0,0
8463,all_crop/cow8463_2010_001803.jpg,0,0
8464,all_crop/cow8464_2010_001803.jpg,0,0
8465,all_crop/cow8465_2010_001803.jpg,0,0
8466,all_crop/cow8466_2010_001803.jpg,0,0
8467,all_crop/cow8467_2010_001937.jpg,0,0
8468,all_crop/cow8468_2010_002133.jpg,0,0
8469,all_crop/cow8469_2010_002390.jpg,0,0
8470,all_crop/cow8470_2010_002390.jpg,0,0
8471,all_crop/cow8471_2010_002701.jpg,0,0
8472,all_crop/cow8472_2010_002716.jpg,0,0
8473,all_crop/cow8473_2010_002763.jpg,0,0
8474,all_crop/cow8474_2010_002905.jpg,0,0
8475,all_crop/cow8475_2010_003016.jpg,0,0
8476,all_crop/cow8476_2010_003016.jpg,0,0
8477,all_crop/cow8477_2010_003183.jpg,0,0
8478,all_crop/cow8478_2010_003183.jpg,0,0
8479,all_crop/cow8479_2010_003201.jpg,0,0
8480,all_crop/cow8480_2010_003239.jpg,0,0
8481,all_crop/cow8481_2010_003239.jpg,0,0
8482,all_crop/cow8482_2010_003239.jpg,0,0
8483,all_crop/cow8483_2010_003239.jpg,0,0
8484,all_crop/cow8484_2010_003970.jpg,0,0
8485,all_crop/cow8485_2010_003970.jpg,0,0
8486,all_crop/cow8486_2010_004140.jpg,0,0
8487,all_crop/cow8487_2010_004178.jpg,0,0
8488,all_crop/cow8488_2010_004178.jpg,0,0
8489,all_crop/cow8489_2010_004322.jpg,0,0
8490,all_crop/cow8490_2010_004456.jpg,0,0
8491,all_crop/cow8491_2010_004635.jpg,0,0
8492,all_crop/cow8492_2010_004789.jpg,0,0
8493,all_crop/cow8493_2010_005031.jpg,0,0
8494,all_crop/cow8494_2010_005031.jpg,0,0
8495,all_crop/cow8495_2010_005061.jpg,0,0
8496,all_crop/cow8496_2010_005061.jpg,0,0
8497,all_crop/cow8497_2010_005166.jpg,0,0
8498,all_crop/cow8498_2010_005424.jpg,0,0
8499,all_crop/cow8499_2010_005562.jpg,0,0
8500,all_crop/cow8500_2010_005824.jpg,0,0
8501,all_crop/cow8501_2010_005824.jpg,0,0
8502,all_crop/cow8502_2010_005824.jpg,0,0
8503,all_crop/cow8503_2010_005922.jpg,0,0
8504,all_crop/cow8504_2010_005993.jpg,0,0
8505,all_crop/cow8505_2010_005993.jpg,0,0
14363,all_crop/person14363_2010_003415.jpg,1,1
13755,all_crop/person13755_2009_003340.jpg,1,1
8738,all_crop/diningtable8738_2010_005755.jpg,1,1
4365,all_crop/car4365_2010_005949.jpg,1,1
20346,all_crop/tvmonitor20346_2008_006136.jpg,1,1
4202,all_crop/car4202_2010_000723.jpg,1,1
8562,all_crop/diningtable8562_2008_008330.jpg,1,1
13280,all_crop/person13280_2008_008072.jpg,1,1
6666,all_crop/chair6666_2009_002443.jpg,1,1
13008,all_crop/person13008_2008_005972.jpg,1,1
12720,all_crop/person12720_2008_004217.jpg,1,1
12252,all_crop/person12252_2008_002434.jpg,1,1
19920,all_crop/train19920_2009_004771.jpg,1,1
13982,all_crop/person13982_2009_005311.jpg,1,1
2771,all_crop/bottle2771_2009_000546.jpg,1,1
6918,all_crop/chair6918_2010_001271.jpg,1,1
18090,all_crop/pottedplant18090_2008_008080.jpg,1,1
19988,all_crop/train19988_2010_004478.jpg,1,1
2865,all_crop/bottle2865_2009_004794.jpg,1,1
4046,all_crop/car4046_2009_000390.jpg,1,1
6682,all_crop/chair6682_2009_002612.jpg,1,1
13091,all_crop/person13091_2008_006496.jpg,1,1
13155,all_crop/person13155_2008_007090.jpg,1,1
3935,all_crop/car3935_2008_005891.jpg,1,1
818,all_crop/bicycle818_2009_001480.jpg,1,1
6621,all_crop/chair6621_2009_001825.jpg,1,1
6286,all_crop/chair6286_2008_003689.jpg,1,1
20259,all_crop/tvmonitor20259_2008_000023.jpg,1,1
20526,all_crop/tvmonitor20526_2010_003241.jpg,1,1
6379,all_crop/chair6379_2008_005616.jpg,1,1
2753,all_crop/bottle2753_2008_007724.jpg,1,1
4347,all_crop/car4347_2010_005518.jpg,1,1
247,all_crop/aeroplane247_2010_000437.jpg,1,1
12680,all_crop/person12680_2008_004017.jpg,1,1
11132,all_crop/motorbike11132_2009_000223.jpg,1,1
12907,all_crop/person12907_2008_005236.jpg,1,1
2662,all_crop/bottle2662_2008_000015.jpg,1,1
12888,all_crop/person12888_2008_005150.jpg,1,1
18175,all_crop/pottedplant18175_2009_004173.jpg,1,1
174,all_crop/aeroplane174_2009_001781.jpg,1,1
8630,all_crop/diningtable8630_2009_003818.jpg,1,1
2194,all_crop/boat2194_2008_004920.jpg,1,1
20420,all_crop/tvmonitor20420_2009_001779.jpg,1,1
6283,all_crop/chair6283_2008_003559.jpg,1,1
12816,all_crop/person12816_2008_004616.jpg,1,1
19875,all_crop/train19875_2009_002225.jpg,1,1
12194,all_crop/person12194_2008_002220.jpg,1,1
12221,all_crop/person12221_2008_002325.jpg,1,1
13376,all_crop/person13376_2008_008691.jpg,1,1
2331,all_crop/boat2331_2010_000195.jpg,1,1
4163,all_crop/car4163_2009_004684.jpg,1,1
20442,all_crop/tvmonitor20442_2009_002970.jpg,1,1
8718,all_crop/diningtable8718_2010_004231.jpg,1,1
8655,all_crop/diningtable8655_2009_005016.jpg,1,1
11988,all_crop/person11988_2008_001563.jpg,1,1
738,all_crop/bicycle738_2008_006064.jpg,1,1
6274,all_crop/chair6274_2008_003264.jpg,1,1
19772,all_crop/train19772_2008_004358.jpg,1,1
14020,all_crop/person14020_2010_000386.jpg,1,1
3805,all_crop/car3805_2008_002473.jpg,1,1
6821,all_crop/chair6821_2009_004674.jpg,1,1
20312,all_crop/tvmonitor20312_2008_004301.jpg,1,1
12483,all_crop/person12483_2008_003277.jpg,1,1
3395,all_crop/bus3395_2009_004829.jpg,1,1
2361,all_crop/boat2361_2010_002702.jpg,1,1
6181,all_crop/chair6181_2008_000760.jpg,1,1
19996,all_crop/train19996_2010_005565.jpg,1,1
3460,all_crop/bus3460_2010_004971.jpg,1,1
19991,all_crop/train19991_2010_004826.jpg,1,1
13666,all_crop/person13666_2009_002542.jpg,1,1
11822,all_crop/person11822_2008_000979.jpg,1,1
6670,all_crop/chair6670_2009_002452.jpg,1,1
11838,all_crop/person11838_2008_001036.jpg,1,1
12746,all_crop/person12746_2008_004353.jpg,1,1
6328,all_crop/chair6328_2008_004585.jpg,1,1
13588,all_crop/person13588_2009_001809.jpg,1,1
12259,all_crop/person12259_2008_002458.jpg,1,1
13649,all_crop/person13649_2009_002376.jpg,1,1
2230,all_crop/boat2230_2008_006767.jpg,1,1
12604,all_crop/person12604_2008_003761.jpg,1,1
6491,all_crop/chair6491_2008_008330.jpg,1,1
12571,all_crop/person12571_2008_003635.jpg,1,1
14402,all_crop/person14402_2010_003856.jpg,1,1
13290,all_crop/person13290_2008_008116.jpg,1,1
6584,all_crop/chair6584_2009_001308.jpg,1,1
6226,all_crop/chair6226_2008_001737.jpg,1,1
2789,all_crop/bottle2789_2009_001494.jpg,1,1
20568,all_crop/tvmonitor20568_2010_006050.jpg,1,1
3304,all_crop/bus3304_2009_000176.jpg,1,1
8654,all_crop/diningtable8654_2009_004979.jpg,1,1
2929,all_crop/bottle2929_2010_005865.jpg,1,1
13622,all_crop/person13622_2009_002123.jpg,1,1
18225,all_crop/pottedplant18225_2010_001547.jpg,1,1
13135,all_crop/person13135_2008_006881.jpg,1,1
11072,all_crop/motorbike11072_2008_006152.jpg,1,1
20344,all_crop/tvmonitor20344_2008_006062.jpg,1,1
894,all_crop/bicycle894_2010_000747.jpg,1,1
7012,all_crop/chair7012_2010_003535.jpg,1,1
11255,all_crop/motorbike11255_2010_004191.jpg,1,1
12170,all_crop/person12170_2008_002123.jpg,1,1
14532,all_crop/person14532_2010_005170.jpg,1,1
12650,all_crop/person12650_2008_003892.jpg,1,1
6350,all_crop/chair6350_2008_005081.jpg,1,1
6600,all_crop/chair6600_2009_001434.jpg,1,1
14610,all_crop/person14610_2010_005830.jpg,1,1
11772,all_crop/person11772_2008_000815.jpg,1,1
84,all_crop/aeroplane84_2008_006619.jpg,1,1
77,all_crop/aeroplane77_2008_006265.jpg,1,1
12575,all_crop/person12575_2008_003635.jpg,1,1
11779,all_crop/person11779_2008_000844.jpg,1,1
17977,all_crop/pottedplant17977_2008_000923.jpg,1,1
11679,all_crop/person11679_2008_000448.jpg,1,1
764,all_crop/bicycle764_2008_008064.jpg,1,1
3928,all_crop/car3928_2008_005761.jpg,1,1
13426,all_crop/person13426_2009_000375.jpg,1,1
18171,all_crop/pottedplant18171_2009_003888.jpg,1,1
13061,all_crop/person13061_2008_006256.jpg,1,1
19960,all_crop/train19960_2010_001941.jpg,1,1
12108,all_crop/person12108_2008_001967.jpg,1,1
12597,all_crop/person12597_2008_003732.jpg,1,1
8596,all_crop/diningtable8596_2009_001800.jpg,1,1
14476,all_crop/person14476_2010_004594.jpg,1,1
3960,all_crop/car3960_2008_006506.jpg,1,1
162,all_crop/aeroplane162_2009_001129.jpg,1,1
100,all_crop/aeroplane100_2008_007442.jpg,1,1
13154,all_crop/person13154_2008_007061.jpg,1,1
850,all_crop/bicycle850_2009_003042.jpg,1,1
3870,all_crop/car3870_2008_004458.jpg,1,1
3291,all_crop/bus3291_2008_008674.jpg,1,1
3925,all_crop/car3925_2008_005707.jpg,1,1
13818,all_crop/person13818_2009_003739.jpg,1,1
8635,all_crop/diningtable8635_2009_004094.jpg,1,1
13373,all_crop/person13373_2008_008641.jpg,1,1
13849,all_crop/person13849_2009_004094.jpg,1,1
20433,all_crop/tvmonitor20433_2009_002820.jpg,1,1
18167,all_crop/pottedplant18167_2009_003677.jpg,1,1
12472,all_crop/person12472_2008_003224.jpg,1,1
4294,all_crop/car4294_2010_003893.jpg,1,1
3428,all_crop/bus3428_2010_001982.jpg,1,1
2224,all_crop/boat2224_2008_006490.jpg,1,1
7036,all_crop/chair7036_2010_004249.jpg,1,1
7091,all_crop/chair7091_2010_005830.jpg,1,1
955,all_crop/bicycle955_2010_005782.jpg,1,1
11915,all_crop/person11915_2008_001325.jpg,1,1
20422,all_crop/tvmonitor20422_2009_001809.jpg,1,1
828,all_crop/bicycle828_2009_002145.jpg,1,1
6937,all_crop/chair6937_2010_001726.jpg,1,1
14523,all_crop/person14523_2010_005018.jpg,1,1
13674,all_crop/person13674_2009_002659.jpg,1,1
19337,all_crop/sofa19337_2008_008106.jpg,1,1
20351,all_crop/tvmonitor20351_2008_006273.jpg,1,1
20410,all_crop/tvmonitor20410_2009_001111.jpg,1,1
20318,all_crop/tvmonitor20318_2008_004719.jpg,1,1
777,all_crop/bicycle777_2008_008528.jpg,1,1
19986,all_crop/train19986_2010_004256.jpg,1,1
6438,all_crop/chair6438_2008_007223.jpg,1,1
11695,all_crop/person11695_2008_000527.jpg,1,1
18134,all_crop/pottedplant18134_2009_001806.jpg,1,1
6647,all_crop/chair6647_2009_002064.jpg,1,1
18089,all_crop/pottedplant18089_2008_008070.jpg,1,1
6636,all_crop/chair6636_2009_001922.jpg,1,1
12623,all_crop/person12623_2008_003796.jpg,1,1
8518,all_crop/diningtable8518_2008_002362.jpg,1,1
6454,all_crop/chair6454_2008_007388.jpg,1,1
12875,all_crop/person12875_2008_005045.jpg,1,1
12327,all_crop/person12327_2008_002712.jpg,1,1
2220,all_crop/boat2220_2008_006289.jpg,1,1
880,all_crop/bicycle880_2009_004905.jpg,1,1
2665,all_crop/bottle2665_2008_000112.jpg,1,1
6709,all_crop/chair6709_2009_003078.jpg,1,1
13218,all_crop/person13218_2008_007660.jpg,1,1
13633,all_crop/person13633_2009_002297.jpg,1,1
2858,all_crop/bottle2858_2009_004656.jpg,1,1
13644,all_crop/person13644_2009_002338.jpg,1,1
8620,all_crop/diningtable8620_2009_003317.jpg,1,1
11216,all_crop/motorbike11216_2010_000371.jpg,1,1
12956,all_crop/person12956_2008_005570.jpg,1,1
20470,all_crop/tvmonitor20470_2009_004503.jpg,1,1
12940,all_crop/person12940_2008_005519.jpg,1,1
6746,all_crop/chair6746_2009_003668.jpg,1,1
893,all_crop/bicycle893_2010_000685.jpg,1,1
2913,all_crop/bottle2913_2010_004198.jpg,1,1
11628,all_crop/person11628_2008_000290.jpg,1,1
12145,all_crop/person12145_2008_002079.jpg,1,1
12390,all_crop/person12390_2008_002917.jpg,1,1
19774,all_crop/train19774_2008_004547.jpg,1,1
19834,all_crop/train19834_2009_000177.jpg,1,1
11733,all_crop/person11733_2008_000683.jpg,1,1
3320,all_crop/bus3320_2009_001098.jpg,1,1
6295,all_crop/chair6295_2008_003774.jpg,1,1
3717,all_crop/car3717_2008_000028.jpg,1,1
7033,all_crop/chair7033_2010_004231.jpg,1,1
12578,all_crop/person12578_2008_003674.jpg,1,1
2304,all_crop/boat2304_2009_003032.jpg,1,1
12290,all_crop/person12290_2008_002568.jpg,1,1
14617,all_crop/person14617_2010_005847.jpg,1,1
14030,all_crop/person14030_2010_000448.jpg,1,1
11943,all_crop/person11943_2008_001402.jpg,1,1
737,all_crop/bicycle737_2008_005982.jpg,1,1
2926,all_crop/bottle2926_2010_005512.jpg,1,1
6904,all_crop/chair6904_2010_000782.jpg,1,1
2754,all_crop/bottle2754_2008_007843.jpg,1,1
12929,all_crop/person12929_2008_005395.jpg,1,1
3882,all_crop/car3882_2008_004850.jpg,1,1
6356,all_crop/chair6356_2008_005136.jpg,1,1
6753,all_crop/chair6753_2009_003752.jpg,1,1
847,all_crop/bicycle847_2009_002983.jpg,1,1
19444,all_crop/sofa19444_2009_004582.jpg,1,1
4281,all_crop/car4281_2010_003367.jpg,1,1
12050,all_crop/person12050_2008_001746.jpg,1,1
20534,all_crop/tvmonitor20534_2010_003864.jpg,1,1
14540,all_crop/person14540_2010_005273.jpg,1,1
2872,all_crop/bottle2872_2010_000310.jpg,1,1
20348,all_crop/tvmonitor20348_2008_006271.jpg,1,1
805,all_crop/bicycle805_2009_000281.jpg,1,1
14076,all_crop/person14076_2010_000942.jpg,1,1
851,all_crop/bicycle851_2009_003075.jpg,1,1
17978,all_crop/pottedplant17978_2008_001133.jpg,1,1
6370,all_crop/chair6370_2008_005519.jpg,1,1
12207,all_crop/person12207_2008_002280.jpg,1,1
4178,all_crop/car4178_2010_000031.jpg,1,1
14154,all_crop/person14154_2010_001762.jpg,1,1
2210,all_crop/boat2210_2008_005683.jpg,1,1
3109,all_crop/bottle3109_2009_002940.jpg,1,0
16690,all_crop/person16690_2009_000017.jpg,1,0
2648,all_crop/boat2648_2010_004208.jpg,1,0
3533,all_crop/bus3533_2008_008684.jpg,1,0
11320,all_crop/motorbike11320_2008_002383.jpg,1,0
14860,all_crop/person14860_2008_000796.jpg,1,0
7578,all_crop/chair7578_2009_002169.jpg,1,0
16066,all_crop/person16066_2008_004482.jpg,1,0
15780,all_crop/person15780_2008_003542.jpg,1,0
4468,all_crop/car4468_2008_003680.jpg,1,0
7244,all_crop/chair7244_2008_003407.jpg,1,0
7300,all_crop/chair7300_2008_004670.jpg,1,0
7898,all_crop/chair7898_2010_002538.jpg,1,0
7876,all_crop/chair7876_2010_002050.jpg,1,0
19513,all_crop/sofa19513_2008_000465.jpg,1,0
19584,all_crop/sofa19584_2008_008538.jpg,1,0
3655,all_crop/bus3655_2010_000726.jpg,1,0
19625,all_crop/sofa19625_2009_001577.jpg,1,0
17771,all_crop/person17771_2010_004439.jpg,1,0
8840,all_crop/diningtable8840_2009_002978.jpg,1,0
15064,all_crop/person15064_2008_001395.jpg,1,0
11499,all_crop/motorbike11499_2009_004849.jpg,1,0
18487,all_crop/pottedplant18487_2009_002584.jpg,1,0
16164,all_crop/person16164_2008_005089.jpg,1,0
8917,all_crop/diningtable8917_2010_002373.jpg,1,0
16899,all_crop/person16899_2009_001805.jpg,1,0
2599,all_crop/boat2599_2010_000024.jpg,1,0
17706,all_crop/person17706_2010_003731.jpg,1,0
18545,all_crop/pottedplant18545_2009_005286.jpg,1,0
3021,all_crop/bottle3021_2008_007134.jpg,1,0
15483,all_crop/person15483_2008_002564.jpg,1,0
15228,all_crop/person15228_2008_001812.jpg,1,0
17093,all_crop/person17093_2009_003637.jpg,1,0
15714,all_crop/person15714_2008_003286.jpg,1,0
11404,all_crop/motorbike11404_2008_007942.jpg,1,0
15014,all_crop/person15014_2008_001255.jpg,1,0
20745,all_crop/tvmonitor20745_2009_002232.jpg,1,0
14708,all_crop/person14708_2008_000354.jpg,1,0
4371,all_crop/car4371_2008_000027.jpg,1,0
17829,all_crop/person17829_2010_004901.jpg,1,0
17698,all_crop/person17698_2010_003632.jpg,1,0
3559,all_crop/bus3559_2009_001083.jpg,1,0
17372,all_crop/person17372_2010_000915.jpg,1,0
1207,all_crop/bicycle1207_2010_001246.jpg,1,0
19633,all_crop/sofa19633_2009_001775.jpg,1,0
20217,all_crop/train20217_2010_002223.jpg,1,0
17638,all_crop/person17638_2010_003220.jpg,1,0
7604,all_crop/chair7604_2009_002471.jpg,1,0
16553,all_crop/person16553_2008_007955.jpg,1,0
15460,all_crop/person15460_2008_002485.jpg,1,0
8879,all_crop/diningtable8879_2009_005080.jpg,1,0
20245,all_crop/train20245_2010_004475.jpg,1,0
17253,all_crop/person17253_2009_005001.jpg,1,0
14994,all_crop/person14994_2008_001183.jpg,1,0
17883,all_crop/person17883_2010_005369.jpg,1,0
413,all_crop/aeroplane413_2008_006463.jpg,1,0
3048,all_crop/bottle3048_2009_000121.jpg,1,0
8834,all_crop/diningtable8834_2009_002546.jpg,1,0
18509,all_crop/pottedplant18509_2009_003476.jpg,1,0
15293,all_crop/person15293_2008_001969.jpg,1,0
7886,all_crop/chair7886_2010_002336.jpg,1,0
4598,all_crop/car4598_2008_006526.jpg,1,0
3512,all_crop/bus3512_2008_007797.jpg,1,0
4858,all_crop/car4858_2010_000711.jpg,1,0
17832,all_crop/person17832_2010_004952.jpg,1,0
14733,all_crop/person14733_2008_000408.jpg,1,0
17257,all_crop/person17257_2009_005082.jpg,1,0
16238,all_crop/person16238_2008_005612.jpg,1,0
16069,all_crop/person16069_2008_004501.jpg,1,0
16055,all_crop/person16055_2008_004459.jpg,1,0
7186,all_crop/chair7186_2008_001723.jpg,1,0
8045,all_crop/chair8045_2010_005882.jpg,1,0
7877,all_crop/chair7877_2010_002050.jpg,1,0
7606,all_crop/chair7606_2009_002487.jpg,1,0
7786,all_crop/chair7786_2009_005171.jpg,1,0
577,all_crop/aeroplane577_2010_000802.jpg,1,0
16213,all_crop/person16213_2008_005472.jpg,1,0
16357,all_crop/person16357_2008_006311.jpg,1,0
19662,all_crop/sofa19662_2009_003607.jpg,1,0
18337,all_crop/pottedplant18337_2008_003636.jpg,1,0
15031,all_crop/person15031_2008_001304.jpg,1,0
1182,all_crop/bicycle1182_2009_005103.jpg,1,0
7794,all_crop/chair7794_2009_005204.jpg,1,0
1130,all_crop/bicycle1130_2009_002295.jpg,1,0
15980,all_crop/person15980_2008_004203.jpg,1,0
4607,all_crop/car4607_2008_006800.jpg,1,0
14802,all_crop/person14802_2008_000614.jpg,1,0
16090,all_crop/person16090_2008_004546.jpg,1,0
3077,all_crop/bottle3077_2009_001309.jpg,1,0
17585,all_crop/person17585_2010_002871.jpg,1,0
7520,all_crop/chair7520_2009_001249.jpg,1,0
16887,all_crop/person16887_2009_001778.jpg,1,0
16541,all_crop/person16541_2008_007853.jpg,1,0
15361,all_crop/person15361_2008_002132.jpg,1,0
3667,all_crop/bus3667_2010_001640.jpg,1,0
16522,all_crop/person16522_2008_007729.jpg,1,0
15458,all_crop/person15458_2008_002483.jpg,1,0
4577,all_crop/car4577_2008_006017.jpg,1,0
3001,all_crop/bottle3001_2008_006148.jpg,1,0
16312,all_crop/person16312_2008_006087.jpg,1,0
7461,all_crop/chair7461_2008_008658.jpg,1,0
18351,all_crop/pottedplant18351_2008_004003.jpg,1,0
7576,all_crop/chair7576_2009_002139.jpg,1,0
4894,all_crop/car4894_2010_002048.jpg,1,0
15875,all_crop/person15875_2008_003825.jpg,1,0
16295,all_crop/person16295_2008_006024.jpg,1,0
17593,all_crop/person17593_2010_002877.jpg,1,0
16856,all_crop/person16856_2009_001521.jpg,1,0
4668,all_crop/car4668_2008_008246.jpg,1,0
578,all_crop/aeroplane578_2010_000981.jpg,1,0
2423,all_crop/boat2423_2008_001799.jpg,1,0
16296,all_crop/person16296_2008_006024.jpg,1,0
16443,all_crop/person16443_2008_007032.jpg,1,0
15102,all_crop/person15102_2008_001534.jpg,1,0
11405,all_crop/motorbike11405_2008_007955.jpg,1,0
16319,all_crop/person16319_2008_006120.jpg,1,0
16508,all_crop/person16508_2008_007643.jpg,1,0
3126,all_crop/bottle3126_2009_003003.jpg,1,0
17868,all_crop/person17868_2010_005293.jpg,1,0
20619,all_crop/tvmonitor20619_2008_004093.jpg,1,0
14870,all_crop/person14870_2008_000811.jpg,1,0
20091,all_crop/train20091_2009_000597.jpg,1,0
976,all_crop/bicycle976_2008_001226.jpg,1,0
15686,all_crop/person15686_2008_003186.jpg,1,0
18523,all_crop/pottedplant18523_2009_004051.jpg,1,0
7388,all_crop/chair7388_2008_007048.jpg,1,0
20855,all_crop/tvmonitor20855_2010_002652.jpg,1,0
16266,all_crop/person16266_2008_005808.jpg,1,0
14919,all_crop/person14919_2008_000976.jpg,1,0
3057,all_crop/bottle3057_2009_000552.jpg,1,0
1003,all_crop/bicycle1003_2008_004040.jpg,1,0
16015,all_crop/person16015_2008_004330.jpg,1,0
8914,all_crop/diningtable8914_2010_002269.jpg,1,0
16552,all_crop/person16552_2008_007942.jpg,1,0
7920,all_crop/chair7920_2010_002877.jpg,1,0
17013,all_crop/person17013_2009_002807.jpg,1,0
7656,all_crop/chair7656_2009_003150.jpg,1,0
15974,all_crop/person15974_2008_004188.jpg,1,0
4860,all_crop/car4860_2010_000928.jpg,1,0
7156,all_crop/chair7156_2008_001046.jpg,1,0
17377,all_crop/person17377_2010_000993.jpg,1,0
17900,all_crop/person17900_2010_005538.jpg,1,0
14800,all_crop/person14800_2008_000609.jpg,1,0
593,all_crop/aeroplane593_2010_002200.jpg,1,0
3116,all_crop/bottle3116_2009_002940.jpg,1,0
17504,all_crop/person17504_2010_002183.jpg,1,0
554,all_crop/aeroplane554_2009_004653.jpg,1,0
7176,all_crop/chair7176_2008_001613.jpg,1,0
473,all_crop/aeroplane473_2009_000387.jpg,1,0
470,all_crop/aeroplane470_2009_000205.jpg,1,0
4993,all_crop/car4993_2010_004865.jpg,1,0
17054,all_crop/person17054_2009_003251.jpg,1,0
15056,all_crop/person15056_2008_001367.jpg,1,0
15070,all_crop/person15070_2008_001437.jpg,1,0
16095,all_crop/person16095_2008_004554.jpg,1,0
4825,all_crop/car4825_2009_005086.jpg,1,0
20172,all_crop/train20172_2009_004559.jpg,1,0
17664,all_crop/person17664_2010_003409.jpg,1,0
4411,all_crop/car4411_2008_001445.jpg,1,0
20765,all_crop/tvmonitor20765_2009_003551.jpg,1,0
20615,all_crop/tvmonitor20615_2008_003885.jpg,1,0
17835,all_crop/person17835_2010_005026.jpg,1,0
7871,all_crop/chair7871_2010_001851.jpg,1,0
15933,all_crop/person15933_2008_004020.jpg,1,0
16479,all_crop/person16479_2008_007393.jpg,1,0
11348,all_crop/motorbike11348_2008_004729.jpg,1,0
11532,all_crop/motorbike11532_2010_002408.jpg,1,0
16368,all_crop/person16368_2008_006407.jpg,1,0
20060,all_crop/train20060_2008_008001.jpg,1,0
11357,all_crop/motorbike11357_2008_005139.jpg,1,0
3483,all_crop/bus3483_2008_003067.jpg,1,0
17401,all_crop/person17401_2010_001241.jpg,1,0
17712,all_crop/person17712_2010_003859.jpg,1,0
15575,all_crop/person15575_2008_002809.jpg,1,0
18607,all_crop/pottedplant18607_2010_003123.jpg,1,0
4888,all_crop/car4888_2010_001954.jpg,1,0
15412,all_crop/person15412_2008_002322.jpg,1,0
16004,all_crop/person16004_2008_004278.jpg,1,0
14705,all_crop/person14705_2008_000307.jpg,1,0
3203,all_crop/bottle3203_2010_003781.jpg,1,0
7951,all_crop/chair7951_2010_003540.jpg,1,0
17625,all_crop/person17625_2010_003112.jpg,1,0
2567,all_crop/boat2567_2009_003043.jpg,1,0
17001,all_crop/person17001_2009_002744.jpg,1,0
3217,all_crop/bottle3217_2010_004828.jpg,1,0
4846,all_crop/car4846_2010_000493.jpg,1,0
7851,all_crop/chair7851_2010_001528.jpg,1,0
18475,all_crop/pottedplant18475_2009_001667.jpg,1,0
4430,all_crop/car4430_2008_002322.jpg,1,0
3642,all_crop/bus3642_2009_005231.jpg,1,0
16291,all_crop/person16291_2008_005957.jpg,1,0
15436,all_crop/person15436_2008_002439.jpg,1,0
17364,all_crop/person17364_2010_000792.jpg,1,0
7320,all_crop/chair7320_2008_005205.jpg,1,0
20016,all_crop/train20016_2008_002452.jpg,1,0
17956,all_crop/person17956_2010_006010.jpg,1,0
15845,all_crop/person15845_2008_003755.jpg,1,0
7413,all_crop/chair7413_2008_007402.jpg,1,0
2541,all_crop/boat2541_2009_000830.jpg,1,0
5008,all_crop/car5008_2010_005483.jpg,1,0
17711,all_crop/person17711_2010_003755.jpg,1,0
2399,all_crop/boat2399_2008_000195.jpg,1,0
1172,all_crop/bicycle1172_2009_004876.jpg,1,0
7693,all_crop/chair7693_2009_003544.jpg,1,0
15271,all_crop/person15271_2008_001928.jpg,1,0
18495,all_crop/pottedplant18495_2009_002755.jpg,1,0
20017,all_crop/train20017_2008_002900.jpg,1,0
3056,all_crop/bottle3056_2009_000414.jpg,1,0
653,all_crop/aeroplane653_2010_005382.jpg,1,0
17088,all_crop/person17088_2009_003581.jpg,1,0
20092,all_crop/train20092_2009_000597.jpg,1,0
16355,all_crop/person16355_2008_006311.jpg,1,0
15544,all_crop/person15544_2008_002735.jpg,1,0
16509,all_crop/person16509_2008_007643.jpg,1,0
5009,all_crop/car5009_2010_005501.jpg,1,0
15341,all_crop/person15341_2008_002098.jpg,1,0
15138,all_crop/person15138_2008_001605.jpg,1,0
15227,all_crop/person15227_2008_001808.jpg,1,0
19723,all_crop/sofa19723_2010_003331.jpg,1,0
15746,all_crop/person15746_2008_003424.jpg,1,0
16920,all_crop/person16920_2009_002110.jpg,1,0
