10373,all_crop/horse10373_2008_000008.jpg,0,1
10374,all_crop/horse10374_2008_000141.jpg,0,1
10375,all_crop/horse10375_2008_000142.jpg,0,1
10376,all_crop/horse10376_2008_000371.jpg,0,1
10377,all_crop/horse10377_2008_000428.jpg,0,1
10378,all_crop/horse10378_2008_000499.jpg,0,1
10379,all_crop/horse10379_2008_000552.jpg,0,1
10380,all_crop/horse10380_2008_000696.jpg,0,1
10381,all_crop/horse10381_2008_000912.jpg,0,1
10382,all_crop/horse10382_2008_000912.jpg,0,1
10383,all_crop/horse10383_2008_001031.jpg,0,1
10384,all_crop/horse10384_2008_001112.jpg,0,1
10385,all_crop/horse10385_2008_001171.jpg,0,1
10386,all_crop/horse10386_2008_001235.jpg,0,1
10387,all_crop/horse10387_2008_001278.jpg,0,1
10388,all_crop/horse10388_2008_001382.jpg,0,1
10389,all_crop/horse10389_2008_001464.jpg,0,1
10390,all_crop/horse10390_2008_001645.jpg,0,1
10391,all_crop/horse10391_2008_001729.jpg,0,1
10392,all_crop/horse10392_2008_002338.jpg,0,1
10393,all_crop/horse10393_2008_002338.jpg,0,1
10394,all_crop/horse10394_2008_002411.jpg,0,1
10395,all_crop/horse10395_2008_002411.jpg,0,1
10396,all_crop/horse10396_2008_002459.jpg,0,1
10397,all_crop/horse10397_2008_002459.jpg,0,1
10398,all_crop/horse10398_2008_002665.jpg,0,1
10399,all_crop/horse10399_2008_002666.jpg,0,1
10400,all_crop/horse10400_2008_002686.jpg,0,1
10401,all_crop/horse10401_2008_002697.jpg,0,1
10402,all_crop/horse10402_2008_002762.jpg,0,1
10403,all_crop/horse10403_2008_002866.jpg,0,1
10404,all_crop/horse10404_2008_002993.jpg,0,1
10405,all_crop/horse10405_2008_003018.jpg,0,1
10406,all_crop/horse10406_2008_003043.jpg,0,1
10407,all_crop/horse10407_2008_003043.jpg,0,1
10408,all_crop/horse10408_2008_003182.jpg,0,1
10409,all_crop/horse10409_2008_003242.jpg,0,1
10410,all_crop/horse10410_2008_003272.jpg,0,1
10411,all_crop/horse10411_2008_003272.jpg,0,1
10412,all_crop/horse10412_2008_003283.jpg,0,1
10413,all_crop/horse10413_2008_003447.jpg,0,1
10414,all_crop/horse10414_2008_003596.jpg,0,1
10415,all_crop/horse10415_2008_003677.jpg,0,1
10416,all_crop/horse10416_2008_003802.jpg,0,1
10417,all_crop/horse10417_2008_003802.jpg,0,1
10418,all_crop/horse10418_2008_003802.jpg,0,1
10419,all_crop/horse10419_2008_004195.jpg,0,1
10420,all_crop/horse10420_2008_004430.jpg,0,1
10421,all_crop/horse10421_2008_004539.jpg,0,1
10422,all_crop/horse10422_2008_004539.jpg,0,1
10423,all_crop/horse10423_2008_004545.jpg,0,1
10424,all_crop/horse10424_2008_004545.jpg,0,1
10425,all_crop/horse10425_2008_004545.jpg,0,1
10426,all_crop/horse10426_2008_004584.jpg,0,1
10427,all_crop/horse10427_2008_004584.jpg,0,1
10428,all_crop/horse10428_2008_004649.jpg,0,1
10429,all_crop/horse10429_2008_004764.jpg,0,1
10430,all_crop/horse10430_2008_004868.jpg,0,1
10431,all_crop/horse10431_2008_004892.jpg,0,1
10432,all_crop/horse10432_2008_004892.jpg,0,1
10433,all_crop/horse10433_2008_004892.jpg,0,1
10434,all_crop/horse10434_2008_004892.jpg,0,1
10435,all_crop/horse10435_2008_004892.jpg,0,1
10436,all_crop/horse10436_2008_004892.jpg,0,1
10437,all_crop/horse10437_2008_004911.jpg,0,1
10438,all_crop/horse10438_2008_005168.jpg,0,1
10439,all_crop/horse10439_2008_005365.jpg,0,1
10440,all_crop/horse10440_2008_005396.jpg,0,1
10441,all_crop/horse10441_2008_005408.jpg,0,1
10442,all_crop/horse10442_2008_005473.jpg,0,1
10443,all_crop/horse10443_2008_005473.jpg,0,1
10444,all_crop/horse10444_2008_005473.jpg,0,1
10445,all_crop/horse10445_2008_005558.jpg,0,1
10446,all_crop/horse10446_2008_005589.jpg,0,1
10447,all_crop/horse10447_2008_005668.jpg,0,1
10448,all_crop/horse10448_2008_005682.jpg,0,1
10449,all_crop/horse10449_2008_005705.jpg,0,1
10450,all_crop/horse10450_2008_005705.jpg,0,1
10451,all_crop/horse10451_2008_005791.jpg,0,1
10452,all_crop/horse10452_2008_005818.jpg,0,1
10453,all_crop/horse10453_2008_005818.jpg,0,1
10454,all_crop/horse10454_2008_005818.jpg,0,1
10455,all_crop/horse10455_2008_005818.jpg,0,1
10456,all_crop/horse10456_2008_005818.jpg,0,1
10457,all_crop/horse10457_2008_006096.jpg,0,1
10458,all_crop/horse10458_2008_006096.jpg,0,1
10459,all_crop/horse10459_2008_006096.jpg,0,1
10460,all_crop/horse10460_2008_006235.jpg,0,1
10461,all_crop/horse10461_2008_006235.jpg,0,1
10462,all_crop/horse10462_2008_006317.jpg,0,1
10463,all_crop/horse10463_2008_006390.jpg,0,1
10464,all_crop/horse10464_2008_006434.jpg,0,1
10465,all_crop/horse10465_2008_006448.jpg,0,1
10466,all_crop/horse10466_2008_006448.jpg,0,1
10467,all_crop/horse10467_2008_006613.jpg,0,1
10468,all_crop/horse10468_2008_006613.jpg,0,1
10469,all_crop/horse10469_2008_006650.jpg,0,1
10470,all_crop/horse10470_2008_006909.jpg,0,1
10471,all_crop/horse10471_2008_006953.jpg,0,1
10472,all_crop/horse10472_2008_007004.jpg,0,1
10473,all_crop/horse10473_2008_007237.jpg,0,1
10474,all_crop/horse10474_2008_007237.jpg,0,1
10475,all_crop/horse10475_2008_007424.jpg,0,1
10476,all_crop/horse10476_2008_007444.jpg,0,1
10477,all_crop/horse10477_2008_007444.jpg,0,1
10478,all_crop/horse10478_2008_007524.jpg,0,1
10479,all_crop/horse10479_2008_007524.jpg,0,1
10480,all_crop/horse10480_2008_007524.jpg,0,1
10481,all_crop/horse10481_2008_007576.jpg,0,1
10482,all_crop/horse10482_2008_007588.jpg,0,1
10483,all_crop/horse10483_2008_007588.jpg,0,1
10484,all_crop/horse10484_2008_007588.jpg,0,1
10485,all_crop/horse10485_2008_007625.jpg,0,1
10486,all_crop/horse10486_2008_007897.jpg,0,1
10487,all_crop/horse10487_2008_007897.jpg,0,1
10488,all_crop/horse10488_2008_007897.jpg,0,1
10489,all_crop/horse10489_2008_007998.jpg,0,1
10490,all_crop/horse10490_2008_008012.jpg,0,1
10491,all_crop/horse10491_2008_008012.jpg,0,1
10492,all_crop/horse10492_2008_008031.jpg,0,1
10493,all_crop/horse10493_2008_008034.jpg,0,1
10494,all_crop/horse10494_2008_008147.jpg,0,1
10495,all_crop/horse10495_2008_008147.jpg,0,1
10496,all_crop/horse10496_2008_008193.jpg,0,1
10497,all_crop/horse10497_2008_008212.jpg,0,1
10498,all_crop/horse10498_2008_008229.jpg,0,1
10499,all_crop/horse10499_2008_008262.jpg,0,1
10500,all_crop/horse10500_2008_008262.jpg,0,1
10501,all_crop/horse10501_2008_008262.jpg,0,1
10502,all_crop/horse10502_2008_008262.jpg,0,1
10503,all_crop/horse10503_2008_008356.jpg,0,1
10504,all_crop/horse10504_2008_008366.jpg,0,1
10505,all_crop/horse10505_2008_008366.jpg,0,1
10506,all_crop/horse10506_2008_008403.jpg,0,1
10507,all_crop/horse10507_2008_008431.jpg,0,1
10508,all_crop/horse10508_2008_008476.jpg,0,1
10509,all_crop/horse10509_2008_008487.jpg,0,1
10510,all_crop/horse10510_2008_008533.jpg,0,1
10511,all_crop/horse10511_2009_000100.jpg,0,1
10512,all_crop/horse10512_2009_000248.jpg,0,1
10513,all_crop/horse10513_2009_000268.jpg,0,1
10514,all_crop/horse10514_2009_000409.jpg,0,1
10515,all_crop/horse10515_2009_000409.jpg,0,1
10516,all_crop/horse10516_2009_000409.jpg,0,1
10517,all_crop/horse10517_2009_000409.jpg,0,1
10518,all_crop/horse10518_2009_000529.jpg,0,1
10519,all_crop/horse10519_2009_000547.jpg,0,1
10520,all_crop/horse10520_2009_000547.jpg,0,1
10521,all_crop/horse10521_2009_000547.jpg,0,1
10522,all_crop/horse10522_2009_000565.jpg,0,1
10523,all_crop/horse10523_2009_000565.jpg,0,1
10524,all_crop/horse10524_2009_000576.jpg,0,1
10525,all_crop/horse10525_2009_000603.jpg,0,1
10526,all_crop/horse10526_2009_000642.jpg,0,1
10527,all_crop/horse10527_2009_000793.jpg,0,1
10528,all_crop/horse10528_2009_001013.jpg,0,1
10529,all_crop/horse10529_2009_001036.jpg,0,1
10530,all_crop/horse10530_2009_001110.jpg,0,1
10531,all_crop/horse10531_2009_001147.jpg,0,1
10532,all_crop/horse10532_2009_001147.jpg,0,1
10533,all_crop/horse10533_2009_001147.jpg,0,1
10534,all_crop/horse10534_2009_001180.jpg,0,1
10535,all_crop/horse10535_2009_001323.jpg,0,1
10536,all_crop/horse10536_2009_001448.jpg,0,1
10537,all_crop/horse10537_2009_001448.jpg,0,1
10538,all_crop/horse10538_2009_001457.jpg,0,1
10539,all_crop/horse10539_2009_001500.jpg,0,1
10540,all_crop/horse10540_2009_001500.jpg,0,1
10541,all_crop/horse10541_2009_001636.jpg,0,1
10542,all_crop/horse10542_2009_001636.jpg,0,1
10543,all_crop/horse10543_2009_001664.jpg,0,1
10544,all_crop/horse10544_2009_001724.jpg,0,1
10545,all_crop/horse10545_2009_001724.jpg,0,1
10546,all_crop/horse10546_2009_001749.jpg,0,1
10547,all_crop/horse10547_2009_001749.jpg,0,1
10548,all_crop/horse10548_2009_001749.jpg,0,1
10549,all_crop/horse10549_2009_001749.jpg,0,1
10550,all_crop/horse10550_2009_001749.jpg,0,1
10551,all_crop/horse10551_2009_001749.jpg,0,1
10552,all_crop/horse10552_2009_001749.jpg,0,1
10553,all_crop/horse10553_2009_001837.jpg,0,1
10554,all_crop/horse10554_2009_001885.jpg,0,1
10555,all_crop/horse10555_2009_002037.jpg,0,1
10556,all_crop/horse10556_2009_002112.jpg,0,1
10557,all_crop/horse10557_2009_002151.jpg,0,1
10558,all_crop/horse10558_2009_002182.jpg,0,1
10559,all_crop/horse10559_2009_002339.jpg,0,1
10560,all_crop/horse10560_2009_002416.jpg,0,1
10561,all_crop/horse10561_2009_002416.jpg,0,1
10562,all_crop/horse10562_2009_002565.jpg,0,1
10563,all_crop/horse10563_2009_002697.jpg,0,1
10564,all_crop/horse10564_2009_002750.jpg,0,1
10565,all_crop/horse10565_2009_002750.jpg,0,1
10566,all_crop/horse10566_2009_002957.jpg,0,1
10567,all_crop/horse10567_2009_003082.jpg,0,1
10568,all_crop/horse10568_2009_003082.jpg,0,1
10569,all_crop/horse10569_2009_003127.jpg,0,1
10570,all_crop/horse10570_2009_003127.jpg,0,1
10571,all_crop/horse10571_2009_003232.jpg,0,1
10572,all_crop/horse10572_2009_003261.jpg,0,1
10573,all_crop/horse10573_2009_003338.jpg,0,1
10574,all_crop/horse10574_2009_003338.jpg,0,1
10575,all_crop/horse10575_2009_003365.jpg,0,1
10576,all_crop/horse10576_2009_003533.jpg,0,1
10577,all_crop/horse10577_2009_003572.jpg,0,1
10578,all_crop/horse10578_2009_003734.jpg,0,1
10579,all_crop/horse10579_2009_003739.jpg,0,1
10580,all_crop/horse10580_2009_003768.jpg,0,1
10581,all_crop/horse10581_2009_003775.jpg,0,1
10582,all_crop/horse10582_2009_003897.jpg,0,1
10583,all_crop/horse10583_2009_003976.jpg,0,1
10584,all_crop/horse10584_2009_004058.jpg,0,1
10585,all_crop/horse10585_2009_004105.jpg,0,1
10586,all_crop/horse10586_2009_004105.jpg,0,1
10587,all_crop/horse10587_2009_004118.jpg,0,1
10588,all_crop/horse10588_2009_004118.jpg,0,1
10589,all_crop/horse10589_2009_004118.jpg,0,1
10590,all_crop/horse10590_2009_004134.jpg,0,1
10591,all_crop/horse10591_2009_004134.jpg,0,1
10592,all_crop/horse10592_2009_004279.jpg,0,1
10593,all_crop/horse10593_2009_004454.jpg,0,1
10594,all_crop/horse10594_2009_004606.jpg,0,1
10595,all_crop/horse10595_2009_004662.jpg,0,1
10596,all_crop/horse10596_2009_004662.jpg,0,1
10597,all_crop/horse10597_2009_004662.jpg,0,1
10598,all_crop/horse10598_2009_004790.jpg,0,1
10599,all_crop/horse10599_2009_004815.jpg,0,1
10600,all_crop/horse10600_2009_005000.jpg,0,1
10601,all_crop/horse10601_2009_005035.jpg,0,1
10602,all_crop/horse10602_2009_005130.jpg,0,1
10603,all_crop/horse10603_2009_005269.jpg,0,1
10604,all_crop/horse10604_2009_005269.jpg,0,1
10605,all_crop/horse10605_2010_000071.jpg,0,1
10606,all_crop/horse10606_2010_000071.jpg,0,1
10607,all_crop/horse10607_2010_000138.jpg,0,1
10608,all_crop/horse10608_2010_000138.jpg,0,1
10609,all_crop/horse10609_2010_000138.jpg,0,1
10610,all_crop/horse10610_2010_000296.jpg,0,1
10611,all_crop/horse10611_2010_000388.jpg,0,1
10612,all_crop/horse10612_2010_000413.jpg,0,1
10613,all_crop/horse10613_2010_000413.jpg,0,1
10614,all_crop/horse10614_2010_000413.jpg,0,1
10615,all_crop/horse10615_2010_000613.jpg,0,1
10616,all_crop/horse10616_2010_000717.jpg,0,1
10617,all_crop/horse10617_2010_000717.jpg,0,1
10618,all_crop/horse10618_2010_000717.jpg,0,1
10619,all_crop/horse10619_2010_000838.jpg,0,1
10620,all_crop/horse10620_2010_000849.jpg,0,1
10621,all_crop/horse10621_2010_000849.jpg,0,1
10622,all_crop/horse10622_2010_001184.jpg,0,1
10623,all_crop/horse10623_2010_001225.jpg,0,1
10624,all_crop/horse10624_2010_001329.jpg,0,1
10625,all_crop/horse10625_2010_001503.jpg,0,1
10626,all_crop/horse10626_2010_001595.jpg,0,1
10627,all_crop/horse10627_2010_001595.jpg,0,1
10628,all_crop/horse10628_2010_001595.jpg,0,1
10629,all_crop/horse10629_2010_001676.jpg,0,1
10630,all_crop/horse10630_2010_001676.jpg,0,1
10631,all_crop/horse10631_2010_001759.jpg,0,1
10632,all_crop/horse10632_2010_001759.jpg,0,1
10633,all_crop/horse10633_2010_001797.jpg,0,1
10634,all_crop/horse10634_2010_001852.jpg,0,1
10635,all_crop/horse10635_2010_001852.jpg,0,1
10636,all_crop/horse10636_2010_001856.jpg,0,1
10637,all_crop/horse10637_2010_002168.jpg,0,1
10638,all_crop/horse10638_2010_002168.jpg,0,1
10639,all_crop/horse10639_2010_002221.jpg,0,1
10640,all_crop/horse10640_2010_002459.jpg,0,1
10641,all_crop/horse10641_2010_002615.jpg,0,1
10642,all_crop/horse10642_2010_002734.jpg,0,1
10643,all_crop/horse10643_2010_002734.jpg,0,1
10644,all_crop/horse10644_2010_002948.jpg,0,1
10645,all_crop/horse10645_2010_002948.jpg,0,1
10646,all_crop/horse10646_2010_002948.jpg,0,1
10647,all_crop/horse10647_2010_003192.jpg,0,1
10648,all_crop/horse10648_2010_003280.jpg,0,1
10649,all_crop/horse10649_2010_003280.jpg,0,1
10650,all_crop/horse10650_2010_003297.jpg,0,1
10651,all_crop/horse10651_2010_003380.jpg,0,1
10652,all_crop/horse10652_2010_003576.jpg,0,1
10653,all_crop/horse10653_2010_003576.jpg,0,1
10654,all_crop/horse10654_2010_003714.jpg,0,1
10655,all_crop/horse10655_2010_004045.jpg,0,1
10656,all_crop/horse10656_2010_004045.jpg,0,1
10657,all_crop/horse10657_2010_004045.jpg,0,1
10658,all_crop/horse10658_2010_004092.jpg,0,1
10659,all_crop/horse10659_2010_004160.jpg,0,1
10660,all_crop/horse10660_2010_004160.jpg,0,1
10661,all_crop/horse10661_2010_004247.jpg,0,1
10662,all_crop/horse10662_2010_004325.jpg,0,1
10663,all_crop/horse10663_2010_004363.jpg,0,1
10664,all_crop/horse10664_2010_004477.jpg,0,1
10665,all_crop/horse10665_2010_004922.jpg,0,1
10666,all_crop/horse10666_2010_005019.jpg,0,1
10667,all_crop/horse10667_2010_005270.jpg,0,1
10668,all_crop/horse10668_2010_005270.jpg,0,1
10669,all_crop/horse10669_2010_005270.jpg,0,1
10670,all_crop/horse10670_2010_005376.jpg,0,1
10671,all_crop/horse10671_2010_005376.jpg,0,1
10672,all_crop/horse10672_2010_005417.jpg,0,1
10673,all_crop/horse10673_2010_005417.jpg,0,1
10674,all_crop/horse10674_2010_005471.jpg,0,1
10675,all_crop/horse10675_2010_005595.jpg,0,1
10676,all_crop/horse10676_2010_005748.jpg,0,1
10677,all_crop/horse10677_2010_005919.jpg,0,1
10678,all_crop/horse10678_2008_000076.jpg,0,0
10679,all_crop/horse10679_2008_000119.jpg,0,0
10680,all_crop/horse10680_2008_000177.jpg,0,0
10681,all_crop/horse10681_2008_000219.jpg,0,0
10682,all_crop/horse10682_2008_000219.jpg,0,0
10683,all_crop/horse10683_2008_000403.jpg,0,0
10684,all_crop/horse10684_2008_000602.jpg,0,0
10685,all_crop/horse10685_2008_000765.jpg,0,0
10686,all_crop/horse10686_2008_000783.jpg,0,0
10687,all_crop/horse10687_2008_000880.jpg,0,0
10688,all_crop/horse10688_2008_000880.jpg,0,0
10689,all_crop/horse10689_2008_000880.jpg,0,0
10690,all_crop/horse10690_2008_001068.jpg,0,0
10691,all_crop/horse10691_2008_001068.jpg,0,0
10692,all_crop/horse10692_2008_001218.jpg,0,0
10693,all_crop/horse10693_2008_001542.jpg,0,0
10694,all_crop/horse10694_2008_001544.jpg,0,0
10695,all_crop/horse10695_2008_001544.jpg,0,0
10696,all_crop/horse10696_2008_001682.jpg,0,0
10697,all_crop/horse10697_2008_001934.jpg,0,0
10698,all_crop/horse10698_2008_001992.jpg,0,0
10699,all_crop/horse10699_2008_001992.jpg,0,0
10700,all_crop/horse10700_2008_002172.jpg,0,0
10701,all_crop/horse10701_2008_002172.jpg,0,0
10702,all_crop/horse10702_2008_002509.jpg,0,0
10703,all_crop/horse10703_2008_002589.jpg,0,0
10704,all_crop/horse10704_2008_002589.jpg,0,0
10705,all_crop/horse10705_2008_002589.jpg,0,0
10706,all_crop/horse10706_2008_002589.jpg,0,0
10707,all_crop/horse10707_2008_002806.jpg,0,0
10708,all_crop/horse10708_2008_002835.jpg,0,0
10709,all_crop/horse10709_2008_002860.jpg,0,0
10710,all_crop/horse10710_2008_002860.jpg,0,0
10711,all_crop/horse10711_2008_002860.jpg,0,0
10712,all_crop/horse10712_2008_003020.jpg,0,0
10713,all_crop/horse10713_2008_003055.jpg,0,0
10714,all_crop/horse10714_2008_003055.jpg,0,0
10715,all_crop/horse10715_2008_003316.jpg,0,0
10716,all_crop/horse10716_2008_003316.jpg,0,0
10717,all_crop/horse10717_2008_003326.jpg,0,0
10718,all_crop/horse10718_2008_003344.jpg,0,0
10719,all_crop/horse10719_2008_003379.jpg,0,0
10720,all_crop/horse10720_2008_003461.jpg,0,0
10721,all_crop/horse10721_2008_003461.jpg,0,0
10722,all_crop/horse10722_2008_003782.jpg,0,0
10723,all_crop/horse10723_2008_003800.jpg,0,0
10724,all_crop/horse10724_2008_003805.jpg,0,0
10725,all_crop/horse10725_2008_004125.jpg,0,0
10726,all_crop/horse10726_2008_004166.jpg,0,0
10727,all_crop/horse10727_2008_004166.jpg,0,0
10728,all_crop/horse10728_2008_004175.jpg,0,0
10729,all_crop/horse10729_2008_004354.jpg,0,0
10730,all_crop/horse10730_2008_004354.jpg,0,0
10731,all_crop/horse10731_2008_004396.jpg,0,0
10732,all_crop/horse10732_2008_004470.jpg,0,0
10733,all_crop/horse10733_2008_004476.jpg,0,0
10734,all_crop/horse10734_2008_004533.jpg,0,0
10735,all_crop/horse10735_2008_004546.jpg,0,0
10736,all_crop/horse10736_2008_004546.jpg,0,0
10737,all_crop/horse10737_2008_004546.jpg,0,0
10738,all_crop/horse10738_2008_004546.jpg,0,0
10739,all_crop/horse10739_2008_004546.jpg,0,0
10740,all_crop/horse10740_2008_004624.jpg,0,0
10741,all_crop/horse10741_2008_004687.jpg,0,0
10742,all_crop/horse10742_2008_004696.jpg,0,0
10743,all_crop/horse10743_2008_004705.jpg,0,0
10744,all_crop/horse10744_2008_005166.jpg,0,0
10745,all_crop/horse10745_2008_005166.jpg,0,0
10746,all_crop/horse10746_2008_005215.jpg,0,0
10747,all_crop/horse10747_2008_005304.jpg,0,0
10748,all_crop/horse10748_2008_005304.jpg,0,0
10749,all_crop/horse10749_2008_005313.jpg,0,0
10750,all_crop/horse10750_2008_005313.jpg,0,0
10751,all_crop/horse10751_2008_005327.jpg,0,0
10752,all_crop/horse10752_2008_005369.jpg,0,0
10753,all_crop/horse10753_2008_005369.jpg,0,0
10754,all_crop/horse10754_2008_005431.jpg,0,0
10755,all_crop/horse10755_2008_005431.jpg,0,0
10756,all_crop/horse10756_2008_005485.jpg,0,0
10757,all_crop/horse10757_2008_005498.jpg,0,0
10758,all_crop/horse10758_2008_005501.jpg,0,0
10759,all_crop/horse10759_2008_005525.jpg,0,0
10760,all_crop/horse10760_2008_005582.jpg,0,0
10761,all_crop/horse10761_2008_005582.jpg,0,0
10762,all_crop/horse10762_2008_005642.jpg,0,0
10763,all_crop/horse10763_2008_005691.jpg,0,0
10764,all_crop/horse10764_2008_005702.jpg,0,0
10765,all_crop/horse10765_2008_005702.jpg,0,0
10766,all_crop/horse10766_2008_005702.jpg,0,0
10767,all_crop/horse10767_2008_005726.jpg,0,0
10768,all_crop/horse10768_2008_005792.jpg,0,0
10769,all_crop/horse10769_2008_005928.jpg,0,0
10770,all_crop/horse10770_2008_005934.jpg,0,0
10771,all_crop/horse10771_2008_006028.jpg,0,0
10772,all_crop/horse10772_2008_006028.jpg,0,0
10773,all_crop/horse10773_2008_006036.jpg,0,0
10774,all_crop/horse10774_2008_006087.jpg,0,0
10775,all_crop/horse10775_2008_006087.jpg,0,0
10776,all_crop/horse10776_2008_006219.jpg,0,0
10777,all_crop/horse10777_2008_006219.jpg,0,0
10778,all_crop/horse10778_2008_006298.jpg,0,0
10779,all_crop/horse10779_2008_006397.jpg,0,0
10780,all_crop/horse10780_2008_006429.jpg,0,0
10781,all_crop/horse10781_2008_006429.jpg,0,0
10782,all_crop/horse10782_2008_006646.jpg,0,0
10783,all_crop/horse10783_2008_006758.jpg,0,0
10784,all_crop/horse10784_2008_006779.jpg,0,0
10785,all_crop/horse10785_2008_006797.jpg,0,0
10786,all_crop/horse10786_2008_006912.jpg,0,0
10787,all_crop/horse10787_2008_006991.jpg,0,0
10788,all_crop/horse10788_2008_007277.jpg,0,0
10789,all_crop/horse10789_2008_007319.jpg,0,0
10790,all_crop/horse10790_2008_007319.jpg,0,0
10791,all_crop/horse10791_2008_007392.jpg,0,0
10792,all_crop/horse10792_2008_007514.jpg,0,0
10793,all_crop/horse10793_2008_007531.jpg,0,0
10794,all_crop/horse10794_2008_007531.jpg,0,0
10795,all_crop/horse10795_2008_007531.jpg,0,0
10796,all_crop/horse10796_2008_007531.jpg,0,0
10797,all_crop/horse10797_2008_007531.jpg,0,0
10798,all_crop/horse10798_2008_007531.jpg,0,0
10799,all_crop/horse10799_2008_007612.jpg,0,0
10800,all_crop/horse10800_2008_007816.jpg,0,0
10801,all_crop/horse10801_2008_007850.jpg,0,0
10802,all_crop/horse10802_2008_007945.jpg,0,0
10803,all_crop/horse10803_2008_007945.jpg,0,0
10804,all_crop/horse10804_2008_008011.jpg,0,0
10805,all_crop/horse10805_2008_008011.jpg,0,0
10806,all_crop/horse10806_2008_008040.jpg,0,0
10807,all_crop/horse10807_2008_008052.jpg,0,0
10808,all_crop/horse10808_2008_008075.jpg,0,0
10809,all_crop/horse10809_2008_008075.jpg,0,0
10810,all_crop/horse10810_2008_008232.jpg,0,0
10811,all_crop/horse10811_2008_008232.jpg,0,0
10812,all_crop/horse10812_2008_008279.jpg,0,0
10813,all_crop/horse10813_2008_008296.jpg,0,0
10814,all_crop/horse10814_2008_008318.jpg,0,0
10815,all_crop/horse10815_2008_008392.jpg,0,0
10816,all_crop/horse10816_2008_008393.jpg,0,0
10817,all_crop/horse10817_2008_008395.jpg,0,0
10818,all_crop/horse10818_2008_008421.jpg,0,0
10819,all_crop/horse10819_2008_008453.jpg,0,0
10820,all_crop/horse10820_2008_008453.jpg,0,0
10821,all_crop/horse10821_2008_008488.jpg,0,0
10822,all_crop/horse10822_2008_008500.jpg,0,0
10823,all_crop/horse10823_2009_000001.jpg,0,0
10824,all_crop/horse10824_2009_000001.jpg,0,0
10825,all_crop/horse10825_2009_000012.jpg,0,0
10826,all_crop/horse10826_2009_000017.jpg,0,0
10827,all_crop/horse10827_2009_000017.jpg,0,0
10828,all_crop/horse10828_2009_000068.jpg,0,0
10829,all_crop/horse10829_2009_000169.jpg,0,0
10830,all_crop/horse10830_2009_000169.jpg,0,0
10831,all_crop/horse10831_2009_000293.jpg,0,0
10832,all_crop/horse10832_2009_000293.jpg,0,0
10833,all_crop/horse10833_2009_000312.jpg,0,0
10834,all_crop/horse10834_2009_000412.jpg,0,0
10835,all_crop/horse10835_2009_000412.jpg,0,0
10836,all_crop/horse10836_2009_000412.jpg,0,0
10837,all_crop/horse10837_2009_000691.jpg,0,0
10838,all_crop/horse10838_2009_000705.jpg,0,0
10839,all_crop/horse10839_2009_000727.jpg,0,0
10840,all_crop/horse10840_2009_000823.jpg,0,0
10841,all_crop/horse10841_2009_000843.jpg,0,0
10842,all_crop/horse10842_2009_000852.jpg,0,0
10843,all_crop/horse10843_2009_000852.jpg,0,0
10844,all_crop/horse10844_2009_000852.jpg,0,0
10845,all_crop/horse10845_2009_000931.jpg,0,0
10846,all_crop/horse10846_2009_000931.jpg,0,0
10847,all_crop/horse10847_2009_000934.jpg,0,0
10848,all_crop/horse10848_2009_000934.jpg,0,0
10849,all_crop/horse10849_2009_000934.jpg,0,0
10850,all_crop/horse10850_2009_001055.jpg,0,0
10851,all_crop/horse10851_2009_001184.jpg,0,0
10852,all_crop/horse10852_2009_001184.jpg,0,0
10853,all_crop/horse10853_2009_001196.jpg,0,0
10854,all_crop/horse10854_2009_001355.jpg,0,0
10855,all_crop/horse10855_2009_001433.jpg,0,0
10856,all_crop/horse10856_2009_001433.jpg,0,0
10857,all_crop/horse10857_2009_001539.jpg,0,0
10858,all_crop/horse10858_2009_001539.jpg,0,0
10859,all_crop/horse10859_2009_001635.jpg,0,0
10860,all_crop/horse10860_2009_001635.jpg,0,0
10861,all_crop/horse10861_2009_001653.jpg,0,0
10862,all_crop/horse10862_2009_001890.jpg,0,0
10863,all_crop/horse10863_2009_001911.jpg,0,0
10864,all_crop/horse10864_2009_001911.jpg,0,0
10865,all_crop/horse10865_2009_001911.jpg,0,0
10866,all_crop/horse10866_2009_002046.jpg,0,0
10867,all_crop/horse10867_2009_002097.jpg,0,0
10868,all_crop/horse10868_2009_002165.jpg,0,0
10869,all_crop/horse10869_2009_002165.jpg,0,0
10870,all_crop/horse10870_2009_002230.jpg,0,0
10871,all_crop/horse10871_2009_002231.jpg,0,0
10872,all_crop/horse10872_2009_002305.jpg,0,0
10873,all_crop/horse10873_2009_002305.jpg,0,0
10874,all_crop/horse10874_2009_002305.jpg,0,0
10875,all_crop/horse10875_2009_002420.jpg,0,0
10876,all_crop/horse10876_2009_002477.jpg,0,0
10877,all_crop/horse10877_2009_002515.jpg,0,0
10878,all_crop/horse10878_2009_002515.jpg,0,0
10879,all_crop/horse10879_2009_002684.jpg,0,0
10880,all_crop/horse10880_2009_002882.jpg,0,0
10881,all_crop/horse10881_2009_002883.jpg,0,0
10882,all_crop/horse10882_2009_002975.jpg,0,0
10883,all_crop/horse10883_2009_003083.jpg,0,0
10884,all_crop/horse10884_2009_003128.jpg,0,0
10885,all_crop/horse10885_2009_003294.jpg,0,0
10886,all_crop/horse10886_2009_003305.jpg,0,0
10887,all_crop/horse10887_2009_003323.jpg,0,0
10888,all_crop/horse10888_2009_003445.jpg,0,0
10889,all_crop/horse10889_2009_003445.jpg,0,0
10890,all_crop/horse10890_2009_003445.jpg,0,0
10891,all_crop/horse10891_2009_003481.jpg,0,0
10892,all_crop/horse10892_2009_003481.jpg,0,0
10893,all_crop/horse10893_2009_003481.jpg,0,0
10894,all_crop/horse10894_2009_003530.jpg,0,0
10895,all_crop/horse10895_2009_003565.jpg,0,0
10896,all_crop/horse10896_2009_003637.jpg,0,0
10897,all_crop/horse10897_2009_003686.jpg,0,0
10898,all_crop/horse10898_2009_003725.jpg,0,0
10899,all_crop/horse10899_2009_003725.jpg,0,0
10900,all_crop/horse10900_2009_003804.jpg,0,0
10901,all_crop/horse10901_2009_003822.jpg,0,0
10902,all_crop/horse10902_2009_003855.jpg,0,0
10903,all_crop/horse10903_2009_003855.jpg,0,0
10904,all_crop/horse10904_2009_003903.jpg,0,0
10905,all_crop/horse10905_2009_003982.jpg,0,0
10906,all_crop/horse10906_2009_004262.jpg,0,0
10907,all_crop/horse10907_2009_004497.jpg,0,0
10908,all_crop/horse10908_2009_004497.jpg,0,0
10909,all_crop/horse10909_2009_004530.jpg,0,0
10910,all_crop/horse10910_2009_004543.jpg,0,0
10911,all_crop/horse10911_2009_004623.jpg,0,0
10912,all_crop/horse10912_2009_004897.jpg,0,0
10913,all_crop/horse10913_2009_004942.jpg,0,0
10914,all_crop/horse10914_2009_005161.jpg,0,0
10915,all_crop/horse10915_2009_005217.jpg,0,0
10916,all_crop/horse10916_2010_000038.jpg,0,0
10917,all_crop/horse10917_2010_000095.jpg,0,0
10918,all_crop/horse10918_2010_000139.jpg,0,0
10919,all_crop/horse10919_2010_000273.jpg,0,0
10920,all_crop/horse10920_2010_000283.jpg,0,0
10921,all_crop/horse10921_2010_000283.jpg,0,0
10922,all_crop/horse10922_2010_000283.jpg,0,0
10923,all_crop/horse10923_2010_000283.jpg,0,0
10924,all_crop/horse10924_2010_000446.jpg,0,0
10925,all_crop/horse10925_2010_000446.jpg,0,0
10926,all_crop/horse10926_2010_000446.jpg,0,0
10927,all_crop/horse10927_2010_000461.jpg,0,0
10928,all_crop/horse10928_2010_000666.jpg,0,0
10929,all_crop/horse10929_2010_000749.jpg,0,0
10930,all_crop/horse10930_2010_000874.jpg,0,0
10931,all_crop/horse10931_2010_000874.jpg,0,0
10932,all_crop/horse10932_2010_000923.jpg,0,0
10933,all_crop/horse10933_2010_001077.jpg,0,0
10934,all_crop/horse10934_2010_001325.jpg,0,0
10935,all_crop/horse10935_2010_001412.jpg,0,0
10936,all_crop/horse10936_2010_001451.jpg,0,0
10937,all_crop/horse10937_2010_001675.jpg,0,0
10938,all_crop/horse10938_2010_001829.jpg,0,0
10939,all_crop/horse10939_2010_001829.jpg,0,0
10940,all_crop/horse10940_2010_002161.jpg,0,0
10941,all_crop/horse10941_2010_002161.jpg,0,0
10942,all_crop/horse10942_2010_002183.jpg,0,0
10943,all_crop/horse10943_2010_002283.jpg,0,0
10944,all_crop/horse10944_2010_002340.jpg,0,0
10945,all_crop/horse10945_2010_002340.jpg,0,0
10946,all_crop/horse10946_2010_002691.jpg,0,0
10947,all_crop/horse10947_2010_002822.jpg,0,0
10948,all_crop/horse10948_2010_003270.jpg,0,0
10949,all_crop/horse10949_2010_003270.jpg,0,0
10950,all_crop/horse10950_2010_003490.jpg,0,0
10951,all_crop/horse10951_2010_003532.jpg,0,0
10952,all_crop/horse10952_2010_003532.jpg,0,0
10953,all_crop/horse10953_2010_003573.jpg,0,0
10954,all_crop/horse10954_2010_003645.jpg,0,0
10955,all_crop/horse10955_2010_003890.jpg,0,0
10956,all_crop/horse10956_2010_004107.jpg,0,0
10957,all_crop/horse10957_2010_004107.jpg,0,0
10958,all_crop/horse10958_2010_004107.jpg,0,0
10959,all_crop/horse10959_2010_004145.jpg,0,0
10960,all_crop/horse10960_2010_004228.jpg,0,0
10961,all_crop/horse10961_2010_004351.jpg,0,0
10962,all_crop/horse10962_2010_004374.jpg,0,0
10963,all_crop/horse10963_2010_004519.jpg,0,0
10964,all_crop/horse10964_2010_004542.jpg,0,0
10965,all_crop/horse10965_2010_004542.jpg,0,0
10966,all_crop/horse10966_2010_004542.jpg,0,0
10967,all_crop/horse10967_2010_004856.jpg,0,0
10968,all_crop/horse10968_2010_005107.jpg,0,0
10969,all_crop/horse10969_2010_005174.jpg,0,0
10970,all_crop/horse10970_2010_005243.jpg,0,0
10971,all_crop/horse10971_2010_005338.jpg,0,0
10972,all_crop/horse10972_2010_005452.jpg,0,0
10973,all_crop/horse10973_2010_005467.jpg,0,0
10974,all_crop/horse10974_2010_005467.jpg,0,0
10975,all_crop/horse10975_2010_005467.jpg,0,0
10976,all_crop/horse10976_2010_005467.jpg,0,0
10977,all_crop/horse10977_2010_005467.jpg,0,0
10978,all_crop/horse10978_2010_005467.jpg,0,0
10979,all_crop/horse10979_2010_005484.jpg,0,0
10980,all_crop/horse10980_2010_005484.jpg,0,0
10981,all_crop/horse10981_2010_005733.jpg,0,0
10982,all_crop/horse10982_2010_005784.jpg,0,0
10983,all_crop/horse10983_2010_005976.jpg,0,0
10984,all_crop/horse10984_2010_005976.jpg,0,0
10985,all_crop/horse10985_2010_006062.jpg,0,0
10986,all_crop/horse10986_2010_006062.jpg,0,0
10987,all_crop/horse10987_2010_006062.jpg,0,0
14005,all_crop/person14005_2010_000177.jpg,1,1
3812,all_crop/car3812_2008_002857.jpg,1,1
941,all_crop/bicycle941_2010_004154.jpg,1,1
11924,all_crop/person11924_2008_001351.jpg,1,1
14182,all_crop/person14182_2010_001978.jpg,1,1
12555,all_crop/person12555_2008_003534.jpg,1,1
708,all_crop/bicycle708_2008_003819.jpg,1,1
3441,all_crop/bus3441_2010_003057.jpg,1,1
11901,all_crop/person11901_2008_001272.jpg,1,1
6289,all_crop/chair6289_2008_003689.jpg,1,1
6555,all_crop/chair6555_2009_000973.jpg,1,1
14048,all_crop/person14048_2010_000564.jpg,1,1
11783,all_crop/person11783_2008_000854.jpg,1,1
3328,all_crop/bus3328_2009_001412.jpg,1,1
12714,all_crop/person12714_2008_004176.jpg,1,1
4088,all_crop/car4088_2009_001898.jpg,1,1
12326,all_crop/person12326_2008_002712.jpg,1,1
331,all_crop/aeroplane331_2010_005978.jpg,1,1
11165,all_crop/motorbike11165_2009_002180.jpg,1,1
7036,all_crop/chair7036_2010_004249.jpg,1,1
2879,all_crop/bottle2879_2010_001013.jpg,1,1
19828,all_crop/train19828_2008_008757.jpg,1,1
19438,all_crop/sofa19438_2009_004426.jpg,1,1
20263,all_crop/tvmonitor20263_2008_000309.jpg,1,1
13286,all_crop/person13286_2008_008098.jpg,1,1
11593,all_crop/person11593_2008_000128.jpg,1,1
751,all_crop/bicycle751_2008_007410.jpg,1,1
14086,all_crop/person14086_2010_001092.jpg,1,1
14637,all_crop/person14637_2010_005967.jpg,1,1
6442,all_crop/chair6442_2008_007281.jpg,1,1
4304,all_crop/car4304_2010_004160.jpg,1,1
4167,all_crop/car4167_2009_004824.jpg,1,1
6600,all_crop/chair6600_2009_001434.jpg,1,1
93,all_crop/aeroplane93_2008_006933.jpg,1,1
788,all_crop/bicycle788_2008_008691.jpg,1,1
13418,all_crop/person13418_2009_000280.jpg,1,1
7020,all_crop/chair7020_2010_003822.jpg,1,1
12244,all_crop/person12244_2008_002405.jpg,1,1
14309,all_crop/person14309_2010_003034.jpg,1,1
6545,all_crop/chair6545_2009_000655.jpg,1,1
13843,all_crop/person13843_2009_004055.jpg,1,1
13219,all_crop/person13219_2008_007665.jpg,1,1
12959,all_crop/person12959_2008_005610.jpg,1,1
14010,all_crop/person14010_2010_000234.jpg,1,1
957,all_crop/bicycle957_2010_005840.jpg,1,1
19869,all_crop/train19869_2009_001868.jpg,1,1
3730,all_crop/car3730_2008_000199.jpg,1,1
11761,all_crop/person11761_2008_000758.jpg,1,1
2758,all_crop/bottle2758_2008_008330.jpg,1,1
13424,all_crop/person13424_2009_000343.jpg,1,1
13472,all_crop/person13472_2009_000617.jpg,1,1
13401,all_crop/person13401_2009_000132.jpg,1,1
6711,all_crop/chair6711_2009_003078.jpg,1,1
6593,all_crop/chair6593_2009_001434.jpg,1,1
12196,all_crop/person12196_2008_002236.jpg,1,1
3788,all_crop/car3788_2008_002062.jpg,1,1
14501,all_crop/person14501_2010_004838.jpg,1,1
6693,all_crop/chair6693_2009_002688.jpg,1,1
2380,all_crop/boat2380_2010_004576.jpg,1,1
2149,all_crop/boat2149_2008_001977.jpg,1,1
13300,all_crop/person13300_2008_008184.jpg,1,1
12621,all_crop/person12621_2008_003796.jpg,1,1
20489,all_crop/tvmonitor20489_2010_000578.jpg,1,1
19898,all_crop/train19898_2009_003534.jpg,1,1
2158,all_crop/boat2158_2008_002625.jpg,1,1
2691,all_crop/bottle2691_2008_002736.jpg,1,1
8565,all_crop/diningtable8565_2008_008440.jpg,1,1
3744,all_crop/car3744_2008_000563.jpg,1,1
2839,all_crop/bottle2839_2009_004162.jpg,1,1
12998,all_crop/person12998_2008_005855.jpg,1,1
12480,all_crop/person12480_2008_003265.jpg,1,1
18043,all_crop/pottedplant18043_2008_005345.jpg,1,1
4102,all_crop/car4102_2009_002271.jpg,1,1
11899,all_crop/person11899_2008_001272.jpg,1,1
11776,all_crop/person11776_2008_000841.jpg,1,1
139,all_crop/aeroplane139_2009_000133.jpg,1,1
6905,all_crop/chair6905_2010_000787.jpg,1,1
13111,all_crop/person13111_2008_006705.jpg,1,1
915,all_crop/bicycle915_2010_002497.jpg,1,1
12404,all_crop/person12404_2008_002951.jpg,1,1
102,all_crop/aeroplane102_2008_007504.jpg,1,1
2281,all_crop/boat2281_2009_002096.jpg,1,1
883,all_crop/bicycle883_2009_004984.jpg,1,1
12849,all_crop/person12849_2008_004874.jpg,1,1
19335,all_crop/sofa19335_2008_007682.jpg,1,1
13651,all_crop/person13651_2009_002381.jpg,1,1
2876,all_crop/bottle2876_2010_000591.jpg,1,1
53,all_crop/aeroplane53_2008_004648.jpg,1,1
2678,all_crop/bottle2678_2008_001737.jpg,1,1
18145,all_crop/pottedplant18145_2009_002123.jpg,1,1
4055,all_crop/car4055_2009_000777.jpg,1,1
14301,all_crop/person14301_2010_003003.jpg,1,1
20400,all_crop/tvmonitor20400_2009_000679.jpg,1,1
6253,all_crop/chair6253_2008_002442.jpg,1,1
8519,all_crop/diningtable8519_2008_002892.jpg,1,1
3420,all_crop/bus3420_2010_001458.jpg,1,1
20508,all_crop/tvmonitor20508_2010_001939.jpg,1,1
2228,all_crop/boat2228_2008_006730.jpg,1,1
3446,all_crop/bus3446_2010_003534.jpg,1,1
11112,all_crop/motorbike11112_2008_008154.jpg,1,1
20278,all_crop/tvmonitor20278_2008_001880.jpg,1,1
20261,all_crop/tvmonitor20261_2008_000202.jpg,1,1
6630,all_crop/chair6630_2009_001871.jpg,1,1
6261,all_crop/chair6261_2008_002776.jpg,1,1
20287,all_crop/tvmonitor20287_2008_002650.jpg,1,1
12916,all_crop/person12916_2008_005297.jpg,1,1
6474,all_crop/chair6474_2008_007941.jpg,1,1
8705,all_crop/diningtable8705_2010_003078.jpg,1,1
6468,all_crop/chair6468_2008_007692.jpg,1,1
3717,all_crop/car3717_2008_000028.jpg,1,1
19327,all_crop/sofa19327_2008_006737.jpg,1,1
3879,all_crop/car3879_2008_004678.jpg,1,1
3772,all_crop/car3772_2008_001359.jpg,1,1
13057,all_crop/person13057_2008_006235.jpg,1,1
11237,all_crop/motorbike11237_2010_002469.jpg,1,1
8636,all_crop/diningtable8636_2009_004154.jpg,1,1
12020,all_crop/person12020_2008_001652.jpg,1,1
4125,all_crop/car4125_2009_003138.jpg,1,1
7040,all_crop/chair7040_2010_004358.jpg,1,1
14243,all_crop/person14243_2010_002462.jpg,1,1
13801,all_crop/person13801_2009_003636.jpg,1,1
19320,all_crop/sofa19320_2008_005926.jpg,1,1
6184,all_crop/chair6184_2008_000760.jpg,1,1
4187,all_crop/car4187_2010_000302.jpg,1,1
13475,all_crop/person13475_2009_000686.jpg,1,1
11647,all_crop/person11647_2008_000380.jpg,1,1
12685,all_crop/person12685_2008_004053.jpg,1,1
13710,all_crop/person13710_2009_002976.jpg,1,1
6313,all_crop/chair6313_2008_004313.jpg,1,1
2824,all_crop/bottle2824_2009_003349.jpg,1,1
19760,all_crop/train19760_2008_002344.jpg,1,1
11637,all_crop/person11637_2008_000338.jpg,1,1
11130,all_crop/motorbike11130_2009_000131.jpg,1,1
11094,all_crop/motorbike11094_2008_007325.jpg,1,1
6183,all_crop/chair6183_2008_000760.jpg,1,1
19389,all_crop/sofa19389_2009_001888.jpg,1,1
12757,all_crop/person12757_2008_004380.jpg,1,1
13471,all_crop/person13471_2009_000617.jpg,1,1
4074,all_crop/car4074_2009_001546.jpg,1,1
13167,all_crop/person13167_2008_007147.jpg,1,1
4101,all_crop/car4101_2009_002149.jpg,1,1
11245,all_crop/motorbike11245_2010_003608.jpg,1,1
2268,all_crop/boat2268_2009_000996.jpg,1,1
8669,all_crop/diningtable8669_2010_000601.jpg,1,1
6210,all_crop/chair6210_2008_001461.jpg,1,1
18169,all_crop/pottedplant18169_2009_003815.jpg,1,1
12220,all_crop/person12220_2008_002317.jpg,1,1
19486,all_crop/sofa19486_2010_003804.jpg,1,1
14633,all_crop/person14633_2010_005960.jpg,1,1
4091,all_crop/car4091_2009_002010.jpg,1,1
20323,all_crop/tvmonitor20323_2008_004908.jpg,1,1
18012,all_crop/pottedplant18012_2008_003689.jpg,1,1
18289,all_crop/pottedplant18289_2010_005996.jpg,1,1
2748,all_crop/bottle2748_2008_007528.jpg,1,1
20332,all_crop/tvmonitor20332_2008_005342.jpg,1,1
3272,all_crop/bus3272_2008_005891.jpg,1,1
4105,all_crop/car4105_2009_002343.jpg,1,1
14526,all_crop/person14526_2010_005071.jpg,1,1
6424,all_crop/chair6424_2008_006808.jpg,1,1
18097,all_crop/pottedplant18097_2008_008220.jpg,1,1
14556,all_crop/person14556_2010_005352.jpg,1,1
8548,all_crop/diningtable8548_2008_007097.jpg,1,1
20444,all_crop/tvmonitor20444_2009_002970.jpg,1,1
12328,all_crop/person12328_2008_002712.jpg,1,1
12130,all_crop/person12130_2008_002023.jpg,1,1
4053,all_crop/car4053_2009_000737.jpg,1,1
695,all_crop/bicycle695_2008_002948.jpg,1,1
14558,all_crop/person14558_2010_005352.jpg,1,1
18288,all_crop/pottedplant18288_2010_005975.jpg,1,1
20269,all_crop/tvmonitor20269_2008_001073.jpg,1,1
7056,all_crop/chair7056_2010_004726.jpg,1,1
2253,all_crop/boat2253_2008_007953.jpg,1,1
12370,all_crop/person12370_2008_002842.jpg,1,1
4044,all_crop/car4044_2009_000341.jpg,1,1
20424,all_crop/tvmonitor20424_2009_001874.jpg,1,1
6828,all_crop/chair6828_2009_004737.jpg,1,1
132,all_crop/aeroplane132_2008_008496.jpg,1,1
13275,all_crop/person13275_2008_008058.jpg,1,1
2263,all_crop/boat2263_2009_000690.jpg,1,1
18033,all_crop/pottedplant18033_2008_004661.jpg,1,1
4178,all_crop/car4178_2010_000031.jpg,1,1
71,all_crop/aeroplane71_2008_005873.jpg,1,1
20426,all_crop/tvmonitor20426_2009_001961.jpg,1,1
12895,all_crop/person12895_2008_005168.jpg,1,1
11744,all_crop/person11744_2008_000694.jpg,1,1
4092,all_crop/car4092_2009_002057.jpg,1,1
6707,all_crop/chair6707_2009_002952.jpg,1,1
12850,all_crop/person12850_2008_004874.jpg,1,1
11976,all_crop/person11976_2008_001501.jpg,1,1
288,all_crop/aeroplane288_2010_003353.jpg,1,1
2385,all_crop/boat2385_2010_005198.jpg,1,1
11823,all_crop/person11823_2008_000985.jpg,1,1
11641,all_crop/person11641_2008_000364.jpg,1,1
6776,all_crop/chair6776_2009_004091.jpg,1,1
8661,all_crop/diningtable8661_2010_000234.jpg,1,1
3861,all_crop/car3861_2008_004112.jpg,1,1
12996,all_crop/person12996_2008_005855.jpg,1,1
6164,all_crop/chair6164_2008_000227.jpg,1,1
12177,all_crop/person12177_2008_002162.jpg,1,1
84,all_crop/aeroplane84_2008_006619.jpg,1,1
13060,all_crop/person13060_2008_006253.jpg,1,1
8704,all_crop/diningtable8704_2010_003002.jpg,1,1
13571,all_crop/person13571_2009_001615.jpg,1,1
8702,all_crop/diningtable8702_2010_002830.jpg,1,1
4222,all_crop/car4222_2010_001274.jpg,1,1
3871,all_crop/car3871_2008_004488.jpg,1,1
13022,all_crop/person13022_2008_006039.jpg,1,1
19996,all_crop/train19996_2010_005565.jpg,1,1
11045,all_crop/motorbike11045_2008_004568.jpg,1,1
12091,all_crop/person12091_2008_001894.jpg,1,1
6440,all_crop/chair6440_2008_007246.jpg,1,1
20378,all_crop/tvmonitor20378_2008_007696.jpg,1,1
953,all_crop/bicycle953_2010_005670.jpg,1,1
11719,all_crop/person11719_2008_000615.jpg,1,1
13020,all_crop/person13020_2008_006039.jpg,1,1
19922,all_crop/train19922_2009_004880.jpg,1,1
2689,all_crop/bottle2689_2008_002362.jpg,1,1
13513,all_crop/person13513_2009_001068.jpg,1,1
14425,all_crop/person14425_2010_004033.jpg,1,1
849,all_crop/bicycle849_2009_003042.jpg,1,1
8604,all_crop/diningtable8604_2009_002098.jpg,1,1
2335,all_crop/boat2335_2010_000710.jpg,1,1
6340,all_crop/chair6340_2008_004777.jpg,1,1
11235,all_crop/motorbike11235_2010_002435.jpg,1,1
2120,all_crop/boat2120_2008_000036.jpg,1,1
878,all_crop/bicycle878_2009_004797.jpg,1,1
8671,all_crop/diningtable8671_2010_000601.jpg,1,1
11613,all_crop/person11613_2008_000252.jpg,1,1
11162,all_crop/motorbike11162_2009_002077.jpg,1,1
27,all_crop/aeroplane27_2008_003196.jpg,1,1
13940,all_crop/person13940_2009_004806.jpg,1,1
18282,all_crop/pottedplant18282_2010_005758.jpg,1,1
6557,all_crop/chair6557_2009_000980.jpg,1,1
19754,all_crop/train19754_2008_001710.jpg,1,1
6234,all_crop/chair6234_2008_001809.jpg,1,1
14594,all_crop/person14594_2010_005646.jpg,1,1
13516,all_crop/person13516_2009_001091.jpg,1,1
11272,all_crop/motorbike11272_2010_005494.jpg,1,1
4327,all_crop/car4327_2010_004646.jpg,1,1
892,all_crop/bicycle892_2010_000632.jpg,1,1
11155,all_crop/motorbike11155_2009_001638.jpg,1,1
6938,all_crop/chair6938_2010_001743.jpg,1,1
6311,all_crop/chair6311_2008_004313.jpg,1,1
192,all_crop/aeroplane192_2009_002999.jpg,1,1
6939,all_crop/chair6939_2010_001743.jpg,1,1
13904,all_crop/person13904_2009_004503.jpg,1,1
6383,all_crop/chair6383_2008_005767.jpg,1,1
12304,all_crop/person12304_2008_002601.jpg,1,1
12986,all_crop/person12986_2008_005794.jpg,1,1
13467,all_crop/person13467_2009_000595.jpg,1,1
12859,all_crop/person12859_2008_004937.jpg,1,1
2319,all_crop/boat2319_2009_004557.jpg,1,1
14393,all_crop/person14393_2010_003677.jpg,1,1
79,all_crop/aeroplane79_2008_006364.jpg,1,1
13541,all_crop/person13541_2009_001254.jpg,1,1
3330,all_crop/bus3330_2009_001472.jpg,1,1
3868,all_crop/car3868_2008_004411.jpg,1,1
13175,all_crop/person13175_2008_007185.jpg,1,1
272,all_crop/aeroplane272_2010_002295.jpg,1,1
18098,all_crop/pottedplant18098_2008_008330.jpg,1,1
3438,all_crop/bus3438_2010_002438.jpg,1,1
11867,all_crop/person11867_2008_001134.jpg,1,1
4352,all_crop/car4352_2010_005672.jpg,1,1
19960,all_crop/train19960_2010_001941.jpg,1,1
6808,all_crop/chair6808_2009_004479.jpg,1,1
4002,all_crop/car4002_2008_007456.jpg,1,1
12607,all_crop/person12607_2008_003762.jpg,1,1
4287,all_crop/car4287_2010_003574.jpg,1,1
12471,all_crop/person12471_2008_003209.jpg,1,1
12572,all_crop/person12572_2008_003635.jpg,1,1
8733,all_crop/diningtable8733_2010_004987.jpg,1,1
12415,all_crop/person12415_2008_002985.jpg,1,1
12740,all_crop/person12740_2008_004325.jpg,1,1
6415,all_crop/chair6415_2008_006624.jpg,1,1
12768,all_crop/person12768_2008_004435.jpg,1,1
11949,all_crop/person11949_2008_001419.jpg,1,1
2841,all_crop/bottle2841_2009_004162.jpg,1,1
20353,all_crop/tvmonitor20353_2008_006373.jpg,1,1
19466,all_crop/sofa19466_2010_001547.jpg,1,1
12774,all_crop/person12774_2008_004439.jpg,1,1
2316,all_crop/boat2316_2009_004278.jpg,1,1
6348,all_crop/chair6348_2008_004985.jpg,1,1
18068,all_crop/pottedplant18068_2008_006950.jpg,1,1
6182,all_crop/chair6182_2008_000760.jpg,1,1
11053,all_crop/motorbike11053_2008_004822.jpg,1,1
922,all_crop/bicycle922_2010_002820.jpg,1,1
20446,all_crop/tvmonitor20446_2009_002970.jpg,1,1
8527,all_crop/diningtable8527_2008_003796.jpg,1,1
3459,all_crop/bus3459_2010_004844.jpg,1,1
4116,all_crop/car4116_2009_002824.jpg,1,1
13463,all_crop/person13463_2009_000575.jpg,1,1
11982,all_crop/person11982_2008_001533.jpg,1,1
2878,all_crop/bottle2878_2010_000891.jpg,1,1
12421,all_crop/person12421_2008_003013.jpg,1,1
2929,all_crop/bottle2929_2010_005865.jpg,1,1
3944,all_crop/car3944_2008_006188.jpg,1,1
6945,all_crop/chair6945_2010_001849.jpg,1,1
6360,all_crop/chair6360_2008_005150.jpg,1,1
19296,all_crop/sofa19296_2008_002119.jpg,1,1
2363,all_crop/boat2363_2010_003027.jpg,1,1
19293,all_crop/sofa19293_2008_001781.jpg,1,1
2196,all_crop/boat2196_2008_004983.jpg,1,1
11715,all_crop/person11715_2008_000588.jpg,1,1
214,all_crop/aeroplane214_2009_003883.jpg,1,1
6727,all_crop/chair6727_2009_003327.jpg,1,1
1229,all_crop/bicycle1229_2010_003446.jpg,1,0
15060,all_crop/person15060_2008_001376.jpg,1,0
3004,all_crop/bottle3004_2008_006282.jpg,1,0
7786,all_crop/chair7786_2009_005171.jpg,1,0
16592,all_crop/person16592_2008_008246.jpg,1,0
16845,all_crop/person16845_2009_001433.jpg,1,0
17818,all_crop/person17818_2010_004786.jpg,1,0
17561,all_crop/person17561_2010_002725.jpg,1,0
14700,all_crop/person14700_2008_000307.jpg,1,0
2620,all_crop/boat2620_2010_001967.jpg,1,0
16762,all_crop/person16762_2009_000661.jpg,1,0
16604,all_crop/person16604_2008_008307.jpg,1,0
16448,all_crop/person16448_2008_007067.jpg,1,0
18565,all_crop/pottedplant18565_2010_000470.jpg,1,0
4590,all_crop/car4590_2008_006316.jpg,1,0
4614,all_crop/car4614_2008_006907.jpg,1,0
2631,all_crop/boat2631_2010_003260.jpg,1,0
16859,all_crop/person16859_2009_001539.jpg,1,0
8032,all_crop/chair8032_2010_005493.jpg,1,0
15173,all_crop/person15173_2008_001669.jpg,1,0
8760,all_crop/diningtable8760_2008_003753.jpg,1,0
3695,all_crop/bus3695_2010_004588.jpg,1,0
17218,all_crop/person17218_2009_004784.jpg,1,0
17310,all_crop/person17310_2010_000262.jpg,1,0
8039,all_crop/chair8039_2010_005654.jpg,1,0
8015,all_crop/chair8015_2010_004992.jpg,1,0
4491,all_crop/car4491_2008_004056.jpg,1,0
16670,all_crop/person16670_2008_008588.jpg,1,0
15815,all_crop/person15815_2008_003672.jpg,1,0
20124,all_crop/train20124_2009_002202.jpg,1,0
19595,all_crop/sofa19595_2009_000096.jpg,1,0
351,all_crop/aeroplane351_2008_002454.jpg,1,0
20672,all_crop/tvmonitor20672_2008_006617.jpg,1,0
555,all_crop/aeroplane555_2009_004812.jpg,1,0
17097,all_crop/person17097_2009_003669.jpg,1,0
11388,all_crop/motorbike11388_2008_007181.jpg,1,0
16795,all_crop/person16795_2009_000890.jpg,1,0
3588,all_crop/bus3588_2009_002535.jpg,1,0
16704,all_crop/person16704_2009_000078.jpg,1,0
14996,all_crop/person14996_2008_001192.jpg,1,0
16490,all_crop/person16490_2008_007476.jpg,1,0
17640,all_crop/person17640_2010_003248.jpg,1,0
14897,all_crop/person14897_2008_000904.jpg,1,0
17231,all_crop/person17231_2009_004868.jpg,1,0
3534,all_crop/bus3534_2008_008705.jpg,1,0
7236,all_crop/chair7236_2008_003178.jpg,1,0
14860,all_crop/person14860_2008_000796.jpg,1,0
402,all_crop/aeroplane402_2008_005889.jpg,1,0
17560,all_crop/person17560_2010_002725.jpg,1,0
2558,all_crop/boat2558_2009_002308.jpg,1,0
7250,all_crop/chair7250_2008_003681.jpg,1,0
7648,all_crop/chair7648_2009_002995.jpg,1,0
18384,all_crop/pottedplant18384_2008_005847.jpg,1,0
16944,all_crop/person16944_2009_002350.jpg,1,0
7946,all_crop/chair7946_2010_003531.jpg,1,0
2422,all_crop/boat2422_2008_001799.jpg,1,0
2429,all_crop/boat2429_2008_001987.jpg,1,0
3489,all_crop/bus3489_2008_003924.jpg,1,0
7700,all_crop/chair7700_2009_003759.jpg,1,0
16901,all_crop/person16901_2009_001822.jpg,1,0
14965,all_crop/person14965_2008_001074.jpg,1,0
7412,all_crop/chair7412_2008_007402.jpg,1,0
17599,all_crop/person17599_2010_002927.jpg,1,0
18614,all_crop/pottedplant18614_2010_003728.jpg,1,0
7255,all_crop/chair7255_2008_003753.jpg,1,0
15595,all_crop/person15595_2008_002864.jpg,1,0
636,all_crop/aeroplane636_2010_004312.jpg,1,0
2622,all_crop/boat2622_2010_002150.jpg,1,0
15091,all_crop/person15091_2008_001494.jpg,1,0
4530,all_crop/car4530_2008_005054.jpg,1,0
15829,all_crop/person15829_2008_003684.jpg,1,0
18430,all_crop/pottedplant18430_2008_007831.jpg,1,0
2621,all_crop/boat2621_2010_002117.jpg,1,0
17486,all_crop/person17486_2010_002002.jpg,1,0
17423,all_crop/person17423_2010_001479.jpg,1,0
15977,all_crop/person15977_2008_004198.jpg,1,0
20758,all_crop/tvmonitor20758_2009_003204.jpg,1,0
18535,all_crop/pottedplant18535_2009_004645.jpg,1,0
4606,all_crop/car4606_2008_006774.jpg,1,0
578,all_crop/aeroplane578_2010_000981.jpg,1,0
17383,all_crop/person17383_2010_001008.jpg,1,0
17858,all_crop/person17858_2010_005226.jpg,1,0
16952,all_crop/person16952_2009_002407.jpg,1,0
4630,all_crop/car4630_2008_007241.jpg,1,0
14708,all_crop/person14708_2008_000354.jpg,1,0
16734,all_crop/person16734_2009_000411.jpg,1,0
7172,all_crop/chair7172_2008_001527.jpg,1,0
15939,all_crop/person15939_2008_004054.jpg,1,0
17627,all_crop/person17627_2010_003112.jpg,1,0
7308,all_crop/chair7308_2008_005068.jpg,1,0
500,all_crop/aeroplane500_2009_001858.jpg,1,0
8060,all_crop/chair8060_2010_006056.jpg,1,0
16471,all_crop/person16471_2008_007293.jpg,1,0
7686,all_crop/chair7686_2009_003508.jpg,1,0
18596,all_crop/pottedplant18596_2010_002316.jpg,1,0
7334,all_crop/chair7334_2008_005608.jpg,1,0
4397,all_crop/car4397_2008_000952.jpg,1,0
16843,all_crop/person16843_2009_001427.jpg,1,0
17801,all_crop/person17801_2010_004637.jpg,1,0
357,all_crop/aeroplane357_2008_003369.jpg,1,0
549,all_crop/aeroplane549_2009_004414.jpg,1,0
15635,all_crop/person15635_2008_002968.jpg,1,0
4896,all_crop/car4896_2010_002194.jpg,1,0
2594,all_crop/boat2594_2009_004930.jpg,1,0
17173,all_crop/person17173_2009_004258.jpg,1,0
16009,all_crop/person16009_2008_004318.jpg,1,0
17595,all_crop/person17595_2010_002879.jpg,1,0
20578,all_crop/tvmonitor20578_2008_000566.jpg,1,0
1213,all_crop/bicycle1213_2010_002030.jpg,1,0
17145,all_crop/person17145_2009_004085.jpg,1,0
2505,all_crop/boat2505_2008_007305.jpg,1,0
7531,all_crop/chair7531_2009_001398.jpg,1,0
7180,all_crop/chair7180_2008_001624.jpg,1,0
20596,all_crop/tvmonitor20596_2008_002680.jpg,1,0
8819,all_crop/diningtable8819_2009_002055.jpg,1,0
16249,all_crop/person16249_2008_005677.jpg,1,0
17687,all_crop/person17687_2010_003613.jpg,1,0
19513,all_crop/sofa19513_2008_000465.jpg,1,0
11379,all_crop/motorbike11379_2008_006526.jpg,1,0
16470,all_crop/person16470_2008_007285.jpg,1,0
4895,all_crop/car4895_2010_002175.jpg,1,0
16813,all_crop/person16813_2009_001054.jpg,1,0
4582,all_crop/car4582_2008_006240.jpg,1,0
344,all_crop/aeroplane344_2008_001468.jpg,1,0
2583,all_crop/boat2583_2009_003504.jpg,1,0
20838,all_crop/tvmonitor20838_2010_001367.jpg,1,0
3191,all_crop/bottle3191_2010_002668.jpg,1,0
4882,all_crop/car4882_2010_001685.jpg,1,0
18493,all_crop/pottedplant18493_2009_002741.jpg,1,0
4670,all_crop/car4670_2008_008501.jpg,1,0
568,all_crop/aeroplane568_2010_000196.jpg,1,0
19578,all_crop/sofa19578_2008_008271.jpg,1,0
17205,all_crop/person17205_2009_004580.jpg,1,0
17826,all_crop/person17826_2010_004889.jpg,1,0
14835,all_crop/person14835_2008_000706.jpg,1,0
4713,all_crop/car4713_2009_001536.jpg,1,0
18539,all_crop/pottedplant18539_2009_004885.jpg,1,0
17219,all_crop/person17219_2009_004784.jpg,1,0
7380,all_crop/chair7380_2008_006841.jpg,1,0
16645,all_crop/person16645_2008_008500.jpg,1,0
4759,all_crop/car4759_2009_003212.jpg,1,0
2516,all_crop/boat2516_2008_007643.jpg,1,0
19645,all_crop/sofa19645_2009_002673.jpg,1,0
14814,all_crop/person14814_2008_000652.jpg,1,0
15471,all_crop/person15471_2008_002526.jpg,1,0
4869,all_crop/car4869_2010_001315.jpg,1,0
448,all_crop/aeroplane448_2008_008086.jpg,1,0
15358,all_crop/person15358_2008_002132.jpg,1,0
4588,all_crop/car4588_2008_006316.jpg,1,0
7987,all_crop/chair7987_2010_004763.jpg,1,0
19515,all_crop/sofa19515_2008_000465.jpg,1,0
16945,all_crop/person16945_2009_002372.jpg,1,0
16857,all_crop/person16857_2009_001539.jpg,1,0
8751,all_crop/diningtable8751_2008_001723.jpg,1,0
16159,all_crop/person16159_2008_005046.jpg,1,0
15681,all_crop/person15681_2008_003152.jpg,1,0
17390,all_crop/person17390_2010_001107.jpg,1,0
15558,all_crop/person15558_2008_002753.jpg,1,0
16411,all_crop/person16411_2008_006816.jpg,1,0
350,all_crop/aeroplane350_2008_002358.jpg,1,0
1256,all_crop/bicycle1256_2010_005664.jpg,1,0
18533,all_crop/pottedplant18533_2009_004645.jpg,1,0
4818,all_crop/car4818_2009_004913.jpg,1,0
7426,all_crop/chair7426_2008_007741.jpg,1,0
3583,all_crop/bus3583_2009_002457.jpg,1,0
14658,all_crop/person14658_2008_000090.jpg,1,0
20067,all_crop/train20067_2008_008302.jpg,1,0
7613,all_crop/chair7613_2009_002571.jpg,1,0
17757,all_crop/person17757_2010_004225.jpg,1,0
15640,all_crop/person15640_2008_002973.jpg,1,0
3553,all_crop/bus3553_2009_000960.jpg,1,0
20634,all_crop/tvmonitor20634_2008_004898.jpg,1,0
4773,all_crop/car4773_2009_003549.jpg,1,0
15739,all_crop/person15739_2008_003407.jpg,1,0
15299,all_crop/person15299_2008_001998.jpg,1,0
17705,all_crop/person17705_2010_003731.jpg,1,0
17521,all_crop/person17521_2010_002396.jpg,1,0
14942,all_crop/person14942_2008_001046.jpg,1,0
15497,all_crop/person15497_2008_002590.jpg,1,0
604,all_crop/aeroplane604_2010_002827.jpg,1,0
2571,all_crop/boat2571_2009_003136.jpg,1,0
15770,all_crop/person15770_2008_003511.jpg,1,0
4632,all_crop/car4632_2008_007295.jpg,1,0
7251,all_crop/chair7251_2008_003753.jpg,1,0
16650,all_crop/person16650_2008_008524.jpg,1,0
7682,all_crop/chair7682_2009_003507.jpg,1,0
18587,all_crop/pottedplant18587_2010_001787.jpg,1,0
665,all_crop/aeroplane665_2010_006082.jpg,1,0
20236,all_crop/train20236_2010_003847.jpg,1,0
16098,all_crop/person16098_2008_004575.jpg,1,0
2650,all_crop/boat2650_2010_004567.jpg,1,0
2488,all_crop/boat2488_2008_006489.jpg,1,0
16527,all_crop/person16527_2008_007757.jpg,1,0
15629,all_crop/person15629_2008_002947.jpg,1,0
16023,all_crop/person16023_2008_004361.jpg,1,0
16356,all_crop/person16356_2008_006311.jpg,1,0
1132,all_crop/bicycle1132_2009_002350.jpg,1,0
4671,all_crop/car4671_2008_008679.jpg,1,0
8839,all_crop/diningtable8839_2009_002816.jpg,1,0
20739,all_crop/tvmonitor20739_2009_001864.jpg,1,0
3677,all_crop/bus3677_2010_002546.jpg,1,0
7491,all_crop/chair7491_2009_000552.jpg,1,0
17449,all_crop/person17449_2010_001645.jpg,1,0
16375,all_crop/person16375_2008_006467.jpg,1,0
591,all_crop/aeroplane591_2010_002147.jpg,1,0
20011,all_crop/train20011_2008_001905.jpg,1,0
16196,all_crop/person16196_2008_005323.jpg,1,0
14809,all_crop/person14809_2008_000634.jpg,1,0
8948,all_crop/diningtable8948_2010_004825.jpg,1,0
16033,all_crop/person16033_2008_004391.jpg,1,0
16253,all_crop/person16253_2008_005701.jpg,1,0
16840,all_crop/person16840_2009_001407.jpg,1,0
16984,all_crop/person16984_2009_002569.jpg,1,0
11396,all_crop/motorbike11396_2008_007344.jpg,1,0
19740,all_crop/sofa19740_2010_005606.jpg,1,0
4791,all_crop/car4791_2009_004224.jpg,1,0
20593,all_crop/tvmonitor20593_2008_002328.jpg,1,0
3598,all_crop/bus3598_2009_003018.jpg,1,0
15808,all_crop/person15808_2008_003650.jpg,1,0
15069,all_crop/person15069_2008_001429.jpg,1,0
16826,all_crop/person16826_2009_001181.jpg,1,0
11452,all_crop/motorbike11452_2009_001764.jpg,1,0
3684,all_crop/bus3684_2010_003040.jpg,1,0
15430,all_crop/person15430_2008_002414.jpg,1,0
7990,all_crop/chair7990_2010_004778.jpg,1,0
15858,all_crop/person15858_2008_003780.jpg,1,0
7795,all_crop/chair7795_2009_005205.jpg,1,0
3549,all_crop/bus3549_2009_000558.jpg,1,0
3123,all_crop/bottle3123_2009_002940.jpg,1,0
3001,all_crop/bottle3001_2008_006148.jpg,1,0
15844,all_crop/person15844_2008_003754.jpg,1,0
17511,all_crop/person17511_2010_002251.jpg,1,0
17587,all_crop/person17587_2010_002871.jpg,1,0
16469,all_crop/person16469_2008_007247.jpg,1,0
19641,all_crop/sofa19641_2009_002370.jpg,1,0
20762,all_crop/tvmonitor20762_2009_003523.jpg,1,0
20725,all_crop/tvmonitor20725_2009_000939.jpg,1,0
16611,all_crop/person16611_2008_008357.jpg,1,0
4989,all_crop/car4989_2010_004785.jpg,1,0
17066,all_crop/person17066_2009_003320.jpg,1,0
18436,all_crop/pottedplant18436_2008_008096.jpg,1,0
16075,all_crop/person16075_2008_004510.jpg,1,0
7614,all_crop/chair7614_2009_002634.jpg,1,0
7191,all_crop/chair7191_2008_001772.jpg,1,0
16683,all_crop/person16683_2008_008705.jpg,1,0
2939,all_crop/bottle2939_2008_001060.jpg,1,0
16574,all_crop/person16574_2008_008093.jpg,1,0
16327,all_crop/person16327_2008_006120.jpg,1,0
16940,all_crop/person16940_2009_002317.jpg,1,0
7149,all_crop/chair7149_2008_001046.jpg,1,0
20204,all_crop/train20204_2010_001151.jpg,1,0
16205,all_crop/person16205_2008_005399.jpg,1,0
7641,all_crop/chair7641_2009_002816.jpg,1,0
14806,all_crop/person14806_2008_000623.jpg,1,0
7881,all_crop/chair7881_2010_002211.jpg,1,0
15646,all_crop/person15646_2008_002992.jpg,1,0
19632,all_crop/sofa19632_2009_001774.jpg,1,0
971,all_crop/bicycle971_2008_000803.jpg,1,0
20764,all_crop/tvmonitor20764_2009_003551.jpg,1,0
7209,all_crop/chair7209_2008_002114.jpg,1,0
14868,all_crop/person14868_2008_000806.jpg,1,0
17253,all_crop/person17253_2009_005001.jpg,1,0
14716,all_crop/person14716_2008_000382.jpg,1,0
17659,all_crop/person17659_2010_003381.jpg,1,0
15550,all_crop/person15550_2008_002746.jpg,1,0
1126,all_crop/bicycle1126_2009_001915.jpg,1,0
551,all_crop/aeroplane551_2009_004535.jpg,1,0
17848,all_crop/person17848_2010_005141.jpg,1,0
15143,all_crop/person15143_2008_001613.jpg,1,0
17755,all_crop/person17755_2010_004225.jpg,1,0
16612,all_crop/person16612_2008_008357.jpg,1,0
7848,all_crop/chair7848_2010_001455.jpg,1,0
1087,all_crop/bicycle1087_2008_008718.jpg,1,0
17443,all_crop/person17443_2010_001636.jpg,1,0
4633,all_crop/car4633_2008_007311.jpg,1,0
16928,all_crop/person16928_2009_002177.jpg,1,0
7122,all_crop/chair7122_2008_000274.jpg,1,0
17639,all_crop/person17639_2010_003239.jpg,1,0
1081,all_crop/bicycle1081_2008_008652.jpg,1,0
1243,all_crop/bicycle1243_2010_004894.jpg,1,0
15209,all_crop/person15209_2008_001769.jpg,1,0
18308,all_crop/pottedplant18308_2008_001688.jpg,1,0
429,all_crop/aeroplane429_2008_007229.jpg,1,0
4962,all_crop/car4962_2010_003768.jpg,1,0
16687,all_crop/person16687_2008_008755.jpg,1,0
378,all_crop/aeroplane378_2008_004646.jpg,1,0
4641,all_crop/car4641_2008_007478.jpg,1,0
16235,all_crop/person16235_2008_005612.jpg,1,0
1150,all_crop/bicycle1150_2009_003193.jpg,1,0
16538,all_crop/person16538_2008_007841.jpg,1,0
7752,all_crop/chair7752_2009_004532.jpg,1,0
20169,all_crop/train20169_2009_004329.jpg,1,0
16967,all_crop/person16967_2009_002477.jpg,1,0
463,all_crop/aeroplane463_2008_008467.jpg,1,0
653,all_crop/aeroplane653_2010_005382.jpg,1,0
1109,all_crop/bicycle1109_2009_000896.jpg,1,0
2495,all_crop/boat2495_2008_006833.jpg,1,0
15083,all_crop/person15083_2008_001475.jpg,1,0
7586,all_crop/chair7586_2009_002257.jpg,1,0
4940,all_crop/car4940_2010_003212.jpg,1,0
20208,all_crop/train20208_2010_001539.jpg,1,0
4422,all_crop/car4422_2008_001961.jpg,1,0
16348,all_crop/person16348_2008_006267.jpg,1,0
15511,all_crop/person15511_2008_002640.jpg,1,0
4790,all_crop/car4790_2009_004224.jpg,1,0
19714,all_crop/sofa19714_2010_001962.jpg,1,0
17673,all_crop/person17673_2010_003540.jpg,1,0
7610,all_crop/chair7610_2009_002546.jpg,1,0
16067,all_crop/person16067_2008_004482.jpg,1,0
15902,all_crop/person15902_2008_003915.jpg,1,0
