18641,all_crop/sheep18641_2008_000099.jpg,0,1
18642,all_crop/sheep18642_2008_000669.jpg,0,1
18643,all_crop/sheep18643_2008_000915.jpg,0,1
18644,all_crop/sheep18644_2008_001601.jpg,0,1
18645,all_crop/sheep18645_2008_001601.jpg,0,1
18646,all_crop/sheep18646_2008_002061.jpg,0,1
18647,all_crop/sheep18647_2008_002150.jpg,0,1
18648,all_crop/sheep18648_2008_002343.jpg,0,1
18649,all_crop/sheep18649_2008_002343.jpg,0,1
18650,all_crop/sheep18650_2008_002343.jpg,0,1
18651,all_crop/sheep18651_2008_003147.jpg,0,1
18652,all_crop/sheep18652_2008_003147.jpg,0,1
18653,all_crop/sheep18653_2008_003147.jpg,0,1
18654,all_crop/sheep18654_2008_004629.jpg,0,1
18655,all_crop/sheep18655_2008_005494.jpg,0,1
18656,all_crop/sheep18656_2008_005505.jpg,0,1
18657,all_crop/sheep18657_2008_005706.jpg,0,1
18658,all_crop/sheep18658_2008_005706.jpg,0,1
18659,all_crop/sheep18659_2008_005706.jpg,0,1
18660,all_crop/sheep18660_2008_005736.jpg,0,1
18661,all_crop/sheep18661_2008_005736.jpg,0,1
18662,all_crop/sheep18662_2008_005736.jpg,0,1
18663,all_crop/sheep18663_2008_005938.jpg,0,1
18664,all_crop/sheep18664_2008_006070.jpg,0,1
18665,all_crop/sheep18665_2008_006070.jpg,0,1
18666,all_crop/sheep18666_2008_006070.jpg,0,1
18667,all_crop/sheep18667_2008_006221.jpg,0,1
18668,all_crop/sheep18668_2008_006221.jpg,0,1
18669,all_crop/sheep18669_2008_006221.jpg,0,1
18670,all_crop/sheep18670_2008_006221.jpg,0,1
18671,all_crop/sheep18671_2008_006221.jpg,0,1
18672,all_crop/sheep18672_2008_006221.jpg,0,1
18673,all_crop/sheep18673_2008_006339.jpg,0,1
18674,all_crop/sheep18674_2008_006339.jpg,0,1
18675,all_crop/sheep18675_2008_006570.jpg,0,1
18676,all_crop/sheep18676_2008_007069.jpg,0,1
18677,all_crop/sheep18677_2008_007069.jpg,0,1
18678,all_crop/sheep18678_2008_007069.jpg,0,1
18679,all_crop/sheep18679_2008_007069.jpg,0,1
18680,all_crop/sheep18680_2008_007245.jpg,0,1
18681,all_crop/sheep18681_2008_007909.jpg,0,1
18682,all_crop/sheep18682_2008_007985.jpg,0,1
18683,all_crop/sheep18683_2008_007985.jpg,0,1
18684,all_crop/sheep18684_2008_007985.jpg,0,1
18685,all_crop/sheep18685_2008_007985.jpg,0,1
18686,all_crop/sheep18686_2008_007985.jpg,0,1
18687,all_crop/sheep18687_2008_007985.jpg,0,1
18688,all_crop/sheep18688_2008_007985.jpg,0,1
18689,all_crop/sheep18689_2008_008319.jpg,0,1
18690,all_crop/sheep18690_2008_008319.jpg,0,1
18691,all_crop/sheep18691_2008_008323.jpg,0,1
18692,all_crop/sheep18692_2008_008323.jpg,0,1
18693,all_crop/sheep18693_2008_008601.jpg,0,1
18694,all_crop/sheep18694_2008_008601.jpg,0,1
18695,all_crop/sheep18695_2008_008623.jpg,0,1
18696,all_crop/sheep18696_2008_008665.jpg,0,1
18697,all_crop/sheep18697_2008_008666.jpg,0,1
18698,all_crop/sheep18698_2008_008666.jpg,0,1
18699,all_crop/sheep18699_2008_008668.jpg,0,1
18700,all_crop/sheep18700_2008_008714.jpg,0,1
18701,all_crop/sheep18701_2008_008714.jpg,0,1
18702,all_crop/sheep18702_2008_008714.jpg,0,1
18703,all_crop/sheep18703_2008_008744.jpg,0,1
18704,all_crop/sheep18704_2009_000168.jpg,0,1
18705,all_crop/sheep18705_2009_000223.jpg,0,1
18706,all_crop/sheep18706_2009_000223.jpg,0,1
18707,all_crop/sheep18707_2009_000289.jpg,0,1
18708,all_crop/sheep18708_2009_000750.jpg,0,1
18709,all_crop/sheep18709_2009_000750.jpg,0,1
18710,all_crop/sheep18710_2009_000750.jpg,0,1
18711,all_crop/sheep18711_2009_001172.jpg,0,1
18712,all_crop/sheep18712_2009_001177.jpg,0,1
18713,all_crop/sheep18713_2009_001177.jpg,0,1
18714,all_crop/sheep18714_2009_001203.jpg,0,1
18715,all_crop/sheep18715_2009_001236.jpg,0,1
18716,all_crop/sheep18716_2009_001236.jpg,0,1
18717,all_crop/sheep18717_2009_001236.jpg,0,1
18718,all_crop/sheep18718_2009_001263.jpg,0,1
18719,all_crop/sheep18719_2009_001263.jpg,0,1
18720,all_crop/sheep18720_2009_001263.jpg,0,1
18721,all_crop/sheep18721_2009_001263.jpg,0,1
18722,all_crop/sheep18722_2009_001263.jpg,0,1
18723,all_crop/sheep18723_2009_001263.jpg,0,1
18724,all_crop/sheep18724_2009_001263.jpg,0,1
18725,all_crop/sheep18725_2009_001263.jpg,0,1
18726,all_crop/sheep18726_2009_001263.jpg,0,1
18727,all_crop/sheep18727_2009_001403.jpg,0,1
18728,all_crop/sheep18728_2009_001403.jpg,0,1
18729,all_crop/sheep18729_2009_001403.jpg,0,1
18730,all_crop/sheep18730_2009_001537.jpg,0,1
18731,all_crop/sheep18731_2009_001732.jpg,0,1
18732,all_crop/sheep18732_2009_001732.jpg,0,1
18733,all_crop/sheep18733_2009_001732.jpg,0,1
18734,all_crop/sheep18734_2009_001732.jpg,0,1
18735,all_crop/sheep18735_2009_001732.jpg,0,1
18736,all_crop/sheep18736_2009_001732.jpg,0,1
18737,all_crop/sheep18737_2009_001732.jpg,0,1
18738,all_crop/sheep18738_2009_001732.jpg,0,1
18739,all_crop/sheep18739_2009_001783.jpg,0,1
18740,all_crop/sheep18740_2009_001783.jpg,0,1
18741,all_crop/sheep18741_2009_001959.jpg,0,1
18742,all_crop/sheep18742_2009_002133.jpg,0,1
18743,all_crop/sheep18743_2009_002245.jpg,0,1
18744,all_crop/sheep18744_2009_002391.jpg,0,1
18745,all_crop/sheep18745_2009_002719.jpg,0,1
18746,all_crop/sheep18746_2009_002719.jpg,0,1
18747,all_crop/sheep18747_2009_002719.jpg,0,1
18748,all_crop/sheep18748_2009_002719.jpg,0,1
18749,all_crop/sheep18749_2009_002719.jpg,0,1
18750,all_crop/sheep18750_2009_002719.jpg,0,1
18751,all_crop/sheep18751_2009_002719.jpg,0,1
18752,all_crop/sheep18752_2009_002719.jpg,0,1
18753,all_crop/sheep18753_2009_002921.jpg,0,1
18754,all_crop/sheep18754_2009_002921.jpg,0,1
18755,all_crop/sheep18755_2009_002988.jpg,0,1
18756,all_crop/sheep18756_2009_002988.jpg,0,1
18757,all_crop/sheep18757_2009_002988.jpg,0,1
18758,all_crop/sheep18758_2009_002988.jpg,0,1
18759,all_crop/sheep18759_2009_002988.jpg,0,1
18760,all_crop/sheep18760_2009_003249.jpg,0,1
18761,all_crop/sheep18761_2009_003425.jpg,0,1
18762,all_crop/sheep18762_2009_003430.jpg,0,1
18763,all_crop/sheep18763_2009_003541.jpg,0,1
18764,all_crop/sheep18764_2009_003624.jpg,0,1
18765,all_crop/sheep18765_2009_003624.jpg,0,1
18766,all_crop/sheep18766_2009_003624.jpg,0,1
18767,all_crop/sheep18767_2009_003624.jpg,0,1
18768,all_crop/sheep18768_2009_003784.jpg,0,1
18769,all_crop/sheep18769_2009_004171.jpg,0,1
18770,all_crop/sheep18770_2009_004171.jpg,0,1
18771,all_crop/sheep18771_2009_004181.jpg,0,1
18772,all_crop/sheep18772_2009_004181.jpg,0,1
18773,all_crop/sheep18773_2009_004181.jpg,0,1
18774,all_crop/sheep18774_2009_004201.jpg,0,1
18775,all_crop/sheep18775_2009_004222.jpg,0,1
18776,all_crop/sheep18776_2009_004222.jpg,0,1
18777,all_crop/sheep18777_2009_004513.jpg,0,1
18778,all_crop/sheep18778_2009_004547.jpg,0,1
18779,all_crop/sheep18779_2009_004805.jpg,0,1
18780,all_crop/sheep18780_2009_004943.jpg,0,1
18781,all_crop/sheep18781_2009_004943.jpg,0,1
18782,all_crop/sheep18782_2009_004945.jpg,0,1
18783,all_crop/sheep18783_2010_000002.jpg,0,1
18784,all_crop/sheep18784_2010_000052.jpg,0,1
18785,all_crop/sheep18785_2010_000089.jpg,0,1
18786,all_crop/sheep18786_2010_000117.jpg,0,1
18787,all_crop/sheep18787_2010_000189.jpg,0,1
18788,all_crop/sheep18788_2010_000190.jpg,0,1
18789,all_crop/sheep18789_2010_000307.jpg,0,1
18790,all_crop/sheep18790_2010_000307.jpg,0,1
18791,all_crop/sheep18791_2010_000436.jpg,0,1
18792,all_crop/sheep18792_2010_000436.jpg,0,1
18793,all_crop/sheep18793_2010_000527.jpg,0,1
18794,all_crop/sheep18794_2010_000527.jpg,0,1
18795,all_crop/sheep18795_2010_000641.jpg,0,1
18796,all_crop/sheep18796_2010_000667.jpg,0,1
18797,all_crop/sheep18797_2010_000667.jpg,0,1
18798,all_crop/sheep18798_2010_000847.jpg,0,1
18799,all_crop/sheep18799_2010_000847.jpg,0,1
18800,all_crop/sheep18800_2010_000847.jpg,0,1
18801,all_crop/sheep18801_2010_000920.jpg,0,1
18802,all_crop/sheep18802_2010_000920.jpg,0,1
18803,all_crop/sheep18803_2010_000920.jpg,0,1
18804,all_crop/sheep18804_2010_000920.jpg,0,1
18805,all_crop/sheep18805_2010_000920.jpg,0,1
18806,all_crop/sheep18806_2010_000970.jpg,0,1
18807,all_crop/sheep18807_2010_000978.jpg,0,1
18808,all_crop/sheep18808_2010_000978.jpg,0,1
18809,all_crop/sheep18809_2010_001076.jpg,0,1
18810,all_crop/sheep18810_2010_001076.jpg,0,1
18811,all_crop/sheep18811_2010_001160.jpg,0,1
18812,all_crop/sheep18812_2010_001160.jpg,0,1
18813,all_crop/sheep18813_2010_001160.jpg,0,1
18814,all_crop/sheep18814_2010_001160.jpg,0,1
18815,all_crop/sheep18815_2010_001175.jpg,0,1
18816,all_crop/sheep18816_2010_001245.jpg,0,1
18817,all_crop/sheep18817_2010_001356.jpg,0,1
18818,all_crop/sheep18818_2010_001607.jpg,0,1
18819,all_crop/sheep18819_2010_001607.jpg,0,1
18820,all_crop/sheep18820_2010_001746.jpg,0,1
18821,all_crop/sheep18821_2010_001881.jpg,0,1
18822,all_crop/sheep18822_2010_002039.jpg,0,1
18823,all_crop/sheep18823_2010_002039.jpg,0,1
18824,all_crop/sheep18824_2010_002039.jpg,0,1
18825,all_crop/sheep18825_2010_002039.jpg,0,1
18826,all_crop/sheep18826_2010_002054.jpg,0,1
18827,all_crop/sheep18827_2010_002054.jpg,0,1
18828,all_crop/sheep18828_2010_002130.jpg,0,1
18829,all_crop/sheep18829_2010_002130.jpg,0,1
18830,all_crop/sheep18830_2010_002130.jpg,0,1
18831,all_crop/sheep18831_2010_002130.jpg,0,1
18832,all_crop/sheep18832_2010_002176.jpg,0,1
18833,all_crop/sheep18833_2010_002176.jpg,0,1
18834,all_crop/sheep18834_2010_002215.jpg,0,1
18835,all_crop/sheep18835_2010_002215.jpg,0,1
18836,all_crop/sheep18836_2010_002215.jpg,0,1
18837,all_crop/sheep18837_2010_002346.jpg,0,1
18838,all_crop/sheep18838_2010_002346.jpg,0,1
18839,all_crop/sheep18839_2010_002353.jpg,0,1
18840,all_crop/sheep18840_2010_002353.jpg,0,1
18841,all_crop/sheep18841_2010_002378.jpg,0,1
18842,all_crop/sheep18842_2010_002501.jpg,0,1
18843,all_crop/sheep18843_2010_002501.jpg,0,1
18844,all_crop/sheep18844_2010_002501.jpg,0,1
18845,all_crop/sheep18845_2010_002501.jpg,0,1
18846,all_crop/sheep18846_2010_002507.jpg,0,1
18847,all_crop/sheep18847_2010_002582.jpg,0,1
18848,all_crop/sheep18848_2010_002582.jpg,0,1
18849,all_crop/sheep18849_2010_002582.jpg,0,1
18850,all_crop/sheep18850_2010_002582.jpg,0,1
18851,all_crop/sheep18851_2010_002624.jpg,0,1
18852,all_crop/sheep18852_2010_002624.jpg,0,1
18853,all_crop/sheep18853_2010_002624.jpg,0,1
18854,all_crop/sheep18854_2010_002624.jpg,0,1
18855,all_crop/sheep18855_2010_002624.jpg,0,1
18856,all_crop/sheep18856_2010_002624.jpg,0,1
18857,all_crop/sheep18857_2010_002628.jpg,0,1
18858,all_crop/sheep18858_2010_002665.jpg,0,1
18859,all_crop/sheep18859_2010_002821.jpg,0,1
18860,all_crop/sheep18860_2010_003013.jpg,0,1
18861,all_crop/sheep18861_2010_003013.jpg,0,1
18862,all_crop/sheep18862_2010_003028.jpg,0,1
18863,all_crop/sheep18863_2010_003094.jpg,0,1
18864,all_crop/sheep18864_2010_003094.jpg,0,1
18865,all_crop/sheep18865_2010_003153.jpg,0,1
18866,all_crop/sheep18866_2010_003252.jpg,0,1
18867,all_crop/sheep18867_2010_003343.jpg,0,1
18868,all_crop/sheep18868_2010_003343.jpg,0,1
18869,all_crop/sheep18869_2010_003372.jpg,0,1
18870,all_crop/sheep18870_2010_003491.jpg,0,1
18871,all_crop/sheep18871_2010_003567.jpg,0,1
18872,all_crop/sheep18872_2010_003567.jpg,0,1
18873,all_crop/sheep18873_2010_003670.jpg,0,1
18874,all_crop/sheep18874_2010_003670.jpg,0,1
18875,all_crop/sheep18875_2010_003725.jpg,0,1
18876,all_crop/sheep18876_2010_003754.jpg,0,1
18877,all_crop/sheep18877_2010_003754.jpg,0,1
18878,all_crop/sheep18878_2010_003865.jpg,0,1
18879,all_crop/sheep18879_2010_003954.jpg,0,1
18880,all_crop/sheep18880_2010_003996.jpg,0,1
18881,all_crop/sheep18881_2010_003996.jpg,0,1
18882,all_crop/sheep18882_2010_004061.jpg,0,1
18883,all_crop/sheep18883_2010_004061.jpg,0,1
18884,all_crop/sheep18884_2010_004061.jpg,0,1
18885,all_crop/sheep18885_2010_004061.jpg,0,1
18886,all_crop/sheep18886_2010_004065.jpg,0,1
18887,all_crop/sheep18887_2010_004074.jpg,0,1
18888,all_crop/sheep18888_2010_004089.jpg,0,1
18889,all_crop/sheep18889_2010_004089.jpg,0,1
18890,all_crop/sheep18890_2010_004089.jpg,0,1
18891,all_crop/sheep18891_2010_004089.jpg,0,1
18892,all_crop/sheep18892_2010_004089.jpg,0,1
18893,all_crop/sheep18893_2010_004089.jpg,0,1
18894,all_crop/sheep18894_2010_004089.jpg,0,1
18895,all_crop/sheep18895_2010_004259.jpg,0,1
18896,all_crop/sheep18896_2010_004276.jpg,0,1
18897,all_crop/sheep18897_2010_004332.jpg,0,1
18898,all_crop/sheep18898_2010_004371.jpg,0,1
18899,all_crop/sheep18899_2010_004371.jpg,0,1
18900,all_crop/sheep18900_2010_004371.jpg,0,1
18901,all_crop/sheep18901_2010_004436.jpg,0,1
18902,all_crop/sheep18902_2010_004499.jpg,0,1
18903,all_crop/sheep18903_2010_004499.jpg,0,1
18904,all_crop/sheep18904_2010_004499.jpg,0,1
18905,all_crop/sheep18905_2010_004514.jpg,0,1
18906,all_crop/sheep18906_2010_004560.jpg,0,1
18907,all_crop/sheep18907_2010_004560.jpg,0,1
18908,all_crop/sheep18908_2010_004694.jpg,0,1
18909,all_crop/sheep18909_2010_004704.jpg,0,1
18910,all_crop/sheep18910_2010_004704.jpg,0,1
18911,all_crop/sheep18911_2010_004704.jpg,0,1
18912,all_crop/sheep18912_2010_004710.jpg,0,1
18913,all_crop/sheep18913_2010_004812.jpg,0,1
18914,all_crop/sheep18914_2010_004812.jpg,0,1
18915,all_crop/sheep18915_2010_004812.jpg,0,1
18916,all_crop/sheep18916_2010_004812.jpg,0,1
18917,all_crop/sheep18917_2010_005002.jpg,0,1
18918,all_crop/sheep18918_2010_005002.jpg,0,1
18919,all_crop/sheep18919_2010_005002.jpg,0,1
18920,all_crop/sheep18920_2010_005098.jpg,0,1
18921,all_crop/sheep18921_2010_005098.jpg,0,1
18922,all_crop/sheep18922_2010_005183.jpg,0,1
18923,all_crop/sheep18923_2010_005183.jpg,0,1
18924,all_crop/sheep18924_2010_005260.jpg,0,1
18925,all_crop/sheep18925_2010_005310.jpg,0,1
18926,all_crop/sheep18926_2010_005310.jpg,0,1
18927,all_crop/sheep18927_2010_005385.jpg,0,1
18928,all_crop/sheep18928_2010_005466.jpg,0,1
18929,all_crop/sheep18929_2010_005466.jpg,0,1
18930,all_crop/sheep18930_2010_005466.jpg,0,1
18931,all_crop/sheep18931_2010_005466.jpg,0,1
18932,all_crop/sheep18932_2010_005519.jpg,0,1
18933,all_crop/sheep18933_2010_005519.jpg,0,1
18934,all_crop/sheep18934_2010_005519.jpg,0,1
18935,all_crop/sheep18935_2010_005601.jpg,0,1
18936,all_crop/sheep18936_2010_005736.jpg,0,1
18937,all_crop/sheep18937_2010_005736.jpg,0,1
18938,all_crop/sheep18938_2010_005736.jpg,0,1
18939,all_crop/sheep18939_2010_005740.jpg,0,1
18940,all_crop/sheep18940_2010_005740.jpg,0,1
18941,all_crop/sheep18941_2010_005820.jpg,0,1
18942,all_crop/sheep18942_2010_005986.jpg,0,1
18943,all_crop/sheep18943_2010_005986.jpg,0,1
18944,all_crop/sheep18944_2010_005986.jpg,0,1
18945,all_crop/sheep18945_2010_005986.jpg,0,1
18946,all_crop/sheep18946_2010_005986.jpg,0,1
18947,all_crop/sheep18947_2010_005986.jpg,0,1
18948,all_crop/sheep18948_2008_000084.jpg,0,0
18949,all_crop/sheep18949_2008_002430.jpg,0,0
18950,all_crop/sheep18950_2008_002430.jpg,0,0
18951,all_crop/sheep18951_2008_002430.jpg,0,0
18952,all_crop/sheep18952_2008_002536.jpg,0,0
18953,all_crop/sheep18953_2008_002536.jpg,0,0
18954,all_crop/sheep18954_2008_004007.jpg,0,0
18955,all_crop/sheep18955_2008_004292.jpg,0,0
18956,all_crop/sheep18956_2008_004453.jpg,0,0
18957,all_crop/sheep18957_2008_004453.jpg,0,0
18958,all_crop/sheep18958_2008_004453.jpg,0,0
18959,all_crop/sheep18959_2008_004621.jpg,0,0
18960,all_crop/sheep18960_2008_004854.jpg,0,0
18961,all_crop/sheep18961_2008_004854.jpg,0,0
18962,all_crop/sheep18962_2008_005447.jpg,0,0
18963,all_crop/sheep18963_2008_005447.jpg,0,0
18964,all_crop/sheep18964_2008_005633.jpg,0,0
18965,all_crop/sheep18965_2008_005635.jpg,0,0
18966,all_crop/sheep18966_2008_005635.jpg,0,0
18967,all_crop/sheep18967_2008_005635.jpg,0,0
18968,all_crop/sheep18968_2008_005635.jpg,0,0
18969,all_crop/sheep18969_2008_005987.jpg,0,0
18970,all_crop/sheep18970_2008_005987.jpg,0,0
18971,all_crop/sheep18971_2008_006059.jpg,0,0
18972,all_crop/sheep18972_2008_006100.jpg,0,0
18973,all_crop/sheep18973_2008_006100.jpg,0,0
18974,all_crop/sheep18974_2008_006100.jpg,0,0
18975,all_crop/sheep18975_2008_006100.jpg,0,0
18976,all_crop/sheep18976_2008_006327.jpg,0,0
18977,all_crop/sheep18977_2008_006327.jpg,0,0
18978,all_crop/sheep18978_2008_006327.jpg,0,0
18979,all_crop/sheep18979_2008_006327.jpg,0,0
18980,all_crop/sheep18980_2008_006477.jpg,0,0
18981,all_crop/sheep18981_2008_006835.jpg,0,0
18982,all_crop/sheep18982_2008_006835.jpg,0,0
18983,all_crop/sheep18983_2008_006892.jpg,0,0
18984,all_crop/sheep18984_2008_006939.jpg,0,0
18985,all_crop/sheep18985_2008_007070.jpg,0,0
18986,all_crop/sheep18986_2008_007070.jpg,0,0
18987,all_crop/sheep18987_2008_007070.jpg,0,0
18988,all_crop/sheep18988_2008_007070.jpg,0,0
18989,all_crop/sheep18989_2008_007334.jpg,0,0
18990,all_crop/sheep18990_2008_007430.jpg,0,0
18991,all_crop/sheep18991_2008_007497.jpg,0,0
18992,all_crop/sheep18992_2008_007677.jpg,0,0
18993,all_crop/sheep18993_2008_007677.jpg,0,0
18994,all_crop/sheep18994_2008_007693.jpg,0,0
18995,all_crop/sheep18995_2008_007693.jpg,0,0
18996,all_crop/sheep18996_2008_007693.jpg,0,0
18997,all_crop/sheep18997_2008_007693.jpg,0,0
18998,all_crop/sheep18998_2008_007806.jpg,0,0
18999,all_crop/sheep18999_2008_007806.jpg,0,0
19000,all_crop/sheep19000_2008_007806.jpg,0,0
19001,all_crop/sheep19001_2008_007806.jpg,0,0
19002,all_crop/sheep19002_2008_007814.jpg,0,0
19003,all_crop/sheep19003_2008_007890.jpg,0,0
19004,all_crop/sheep19004_2008_007890.jpg,0,0
19005,all_crop/sheep19005_2008_007890.jpg,0,0
19006,all_crop/sheep19006_2008_007890.jpg,0,0
19007,all_crop/sheep19007_2008_007890.jpg,0,0
19008,all_crop/sheep19008_2008_007890.jpg,0,0
19009,all_crop/sheep19009_2008_007890.jpg,0,0
19010,all_crop/sheep19010_2008_007890.jpg,0,0
19011,all_crop/sheep19011_2008_007890.jpg,0,0
19012,all_crop/sheep19012_2008_008109.jpg,0,0
19013,all_crop/sheep19013_2008_008322.jpg,0,0
19014,all_crop/sheep19014_2008_008322.jpg,0,0
19015,all_crop/sheep19015_2008_008613.jpg,0,0
19016,all_crop/sheep19016_2008_008613.jpg,0,0
19017,all_crop/sheep19017_2008_008613.jpg,0,0
19018,all_crop/sheep19018_2008_008613.jpg,0,0
19019,all_crop/sheep19019_2008_008613.jpg,0,0
19020,all_crop/sheep19020_2008_008613.jpg,0,0
19021,all_crop/sheep19021_2008_008613.jpg,0,0
19022,all_crop/sheep19022_2008_008613.jpg,0,0
19023,all_crop/sheep19023_2008_008613.jpg,0,0
19024,all_crop/sheep19024_2009_000039.jpg,0,0
19025,all_crop/sheep19025_2009_000356.jpg,0,0
19026,all_crop/sheep19026_2009_000356.jpg,0,0
19027,all_crop/sheep19027_2009_000356.jpg,0,0
19028,all_crop/sheep19028_2009_000356.jpg,0,0
19029,all_crop/sheep19029_2009_000356.jpg,0,0
19030,all_crop/sheep19030_2009_000356.jpg,0,0
19031,all_crop/sheep19031_2009_000356.jpg,0,0
19032,all_crop/sheep19032_2009_000356.jpg,0,0
19033,all_crop/sheep19033_2009_000670.jpg,0,0
19034,all_crop/sheep19034_2009_000670.jpg,0,0
19035,all_crop/sheep19035_2009_000675.jpg,0,0
19036,all_crop/sheep19036_2009_000675.jpg,0,0
19037,all_crop/sheep19037_2009_000725.jpg,0,0
19038,all_crop/sheep19038_2009_000725.jpg,0,0
19039,all_crop/sheep19039_2009_000837.jpg,0,0
19040,all_crop/sheep19040_2009_000924.jpg,0,0
19041,all_crop/sheep19041_2009_001349.jpg,0,0
19042,all_crop/sheep19042_2009_001505.jpg,0,0
19043,all_crop/sheep19043_2009_001505.jpg,0,0
19044,all_crop/sheep19044_2009_001505.jpg,0,0
19045,all_crop/sheep19045_2009_001618.jpg,0,0
19046,all_crop/sheep19046_2009_001618.jpg,0,0
19047,all_crop/sheep19047_2009_001618.jpg,0,0
19048,all_crop/sheep19048_2009_001643.jpg,0,0
19049,all_crop/sheep19049_2009_001643.jpg,0,0
19050,all_crop/sheep19050_2009_001643.jpg,0,0
19051,all_crop/sheep19051_2009_001699.jpg,0,0
19052,all_crop/sheep19052_2009_001738.jpg,0,0
19053,all_crop/sheep19053_2009_001738.jpg,0,0
19054,all_crop/sheep19054_2009_001768.jpg,0,0
19055,all_crop/sheep19055_2009_001768.jpg,0,0
19056,all_crop/sheep19056_2009_001768.jpg,0,0
19057,all_crop/sheep19057_2009_001991.jpg,0,0
19058,all_crop/sheep19058_2009_002082.jpg,0,0
19059,all_crop/sheep19059_2009_002082.jpg,0,0
19060,all_crop/sheep19060_2009_002282.jpg,0,0
19061,all_crop/sheep19061_2009_003076.jpg,0,0
19062,all_crop/sheep19062_2009_003254.jpg,0,0
19063,all_crop/sheep19063_2009_003271.jpg,0,0
19064,all_crop/sheep19064_2009_003271.jpg,0,0
19065,all_crop/sheep19065_2009_003271.jpg,0,0
19066,all_crop/sheep19066_2009_003460.jpg,0,0
19067,all_crop/sheep19067_2009_003618.jpg,0,0
19068,all_crop/sheep19068_2009_003618.jpg,0,0
19069,all_crop/sheep19069_2009_003666.jpg,0,0
19070,all_crop/sheep19070_2009_003666.jpg,0,0
19071,all_crop/sheep19071_2009_003666.jpg,0,0
19072,all_crop/sheep19072_2009_003666.jpg,0,0
19073,all_crop/sheep19073_2009_003666.jpg,0,0
19074,all_crop/sheep19074_2009_004070.jpg,0,0
19075,all_crop/sheep19075_2009_004164.jpg,0,0
19076,all_crop/sheep19076_2009_004164.jpg,0,0
19077,all_crop/sheep19077_2009_004164.jpg,0,0
19078,all_crop/sheep19078_2009_004164.jpg,0,0
19079,all_crop/sheep19079_2009_004164.jpg,0,0
19080,all_crop/sheep19080_2009_004164.jpg,0,0
19081,all_crop/sheep19081_2009_004164.jpg,0,0
19082,all_crop/sheep19082_2009_004706.jpg,0,0
19083,all_crop/sheep19083_2009_004706.jpg,0,0
19084,all_crop/sheep19084_2009_004768.jpg,0,0
19085,all_crop/sheep19085_2009_004834.jpg,0,0
19086,all_crop/sheep19086_2009_004834.jpg,0,0
19087,all_crop/sheep19087_2009_004834.jpg,0,0
19088,all_crop/sheep19088_2009_005005.jpg,0,0
19089,all_crop/sheep19089_2009_005005.jpg,0,0
19090,all_crop/sheep19090_2009_005005.jpg,0,0
19091,all_crop/sheep19091_2009_005005.jpg,0,0
19092,all_crop/sheep19092_2009_005005.jpg,0,0
19093,all_crop/sheep19093_2009_005005.jpg,0,0
19094,all_crop/sheep19094_2009_005005.jpg,0,0
19095,all_crop/sheep19095_2009_005005.jpg,0,0
19096,all_crop/sheep19096_2009_005005.jpg,0,0
19097,all_crop/sheep19097_2009_005089.jpg,0,0
19098,all_crop/sheep19098_2009_005193.jpg,0,0
19099,all_crop/sheep19099_2010_000139.jpg,0,0
19100,all_crop/sheep19100_2010_000309.jpg,0,0
19101,all_crop/sheep19101_2010_000309.jpg,0,0
19102,all_crop/sheep19102_2010_000309.jpg,0,0
19103,all_crop/sheep19103_2010_000327.jpg,0,0
19104,all_crop/sheep19104_2010_000327.jpg,0,0
19105,all_crop/sheep19105_2010_000327.jpg,0,0
19106,all_crop/sheep19106_2010_000327.jpg,0,0
19107,all_crop/sheep19107_2010_000327.jpg,0,0
19108,all_crop/sheep19108_2010_000327.jpg,0,0
19109,all_crop/sheep19109_2010_000327.jpg,0,0
19110,all_crop/sheep19110_2010_000390.jpg,0,0
19111,all_crop/sheep19111_2010_000390.jpg,0,0
19112,all_crop/sheep19112_2010_000483.jpg,0,0
19113,all_crop/sheep19113_2010_000483.jpg,0,0
19114,all_crop/sheep19114_2010_000483.jpg,0,0
19115,all_crop/sheep19115_2010_000483.jpg,0,0
19116,all_crop/sheep19116_2010_000562.jpg,0,0
19117,all_crop/sheep19117_2010_000562.jpg,0,0
19118,all_crop/sheep19118_2010_000562.jpg,0,0
19119,all_crop/sheep19119_2010_000562.jpg,0,0
19120,all_crop/sheep19120_2010_000562.jpg,0,0
19121,all_crop/sheep19121_2010_000562.jpg,0,0
19122,all_crop/sheep19122_2010_000727.jpg,0,0
19123,all_crop/sheep19123_2010_000727.jpg,0,0
19124,all_crop/sheep19124_2010_000735.jpg,0,0
19125,all_crop/sheep19125_2010_000735.jpg,0,0
19126,all_crop/sheep19126_2010_000735.jpg,0,0
19127,all_crop/sheep19127_2010_000822.jpg,0,0
19128,all_crop/sheep19128_2010_000831.jpg,0,0
19129,all_crop/sheep19129_2010_000831.jpg,0,0
19130,all_crop/sheep19130_2010_000831.jpg,0,0
19131,all_crop/sheep19131_2010_000831.jpg,0,0
19132,all_crop/sheep19132_2010_000866.jpg,0,0
19133,all_crop/sheep19133_2010_001011.jpg,0,0
19134,all_crop/sheep19134_2010_001011.jpg,0,0
19135,all_crop/sheep19135_2010_001079.jpg,0,0
19136,all_crop/sheep19136_2010_001079.jpg,0,0
19137,all_crop/sheep19137_2010_001079.jpg,0,0
19138,all_crop/sheep19138_2010_001079.jpg,0,0
19139,all_crop/sheep19139_2010_001079.jpg,0,0
19140,all_crop/sheep19140_2010_001079.jpg,0,0
19141,all_crop/sheep19141_2010_001082.jpg,0,0
19142,all_crop/sheep19142_2010_001082.jpg,0,0
19143,all_crop/sheep19143_2010_001082.jpg,0,0
19144,all_crop/sheep19144_2010_001082.jpg,0,0
19145,all_crop/sheep19145_2010_001082.jpg,0,0
19146,all_crop/sheep19146_2010_001256.jpg,0,0
19147,all_crop/sheep19147_2010_001257.jpg,0,0
19148,all_crop/sheep19148_2010_001257.jpg,0,0
19149,all_crop/sheep19149_2010_001257.jpg,0,0
19150,all_crop/sheep19150_2010_001257.jpg,0,0
19151,all_crop/sheep19151_2010_001286.jpg,0,0
19152,all_crop/sheep19152_2010_001286.jpg,0,0
19153,all_crop/sheep19153_2010_001522.jpg,0,0
19154,all_crop/sheep19154_2010_001557.jpg,0,0
19155,all_crop/sheep19155_2010_001557.jpg,0,0
19156,all_crop/sheep19156_2010_001557.jpg,0,0
19157,all_crop/sheep19157_2010_001557.jpg,0,0
19158,all_crop/sheep19158_2010_001577.jpg,0,0
19159,all_crop/sheep19159_2010_001577.jpg,0,0
19160,all_crop/sheep19160_2010_001577.jpg,0,0
19161,all_crop/sheep19161_2010_001796.jpg,0,0
19162,all_crop/sheep19162_2010_001796.jpg,0,0
19163,all_crop/sheep19163_2010_001796.jpg,0,0
19164,all_crop/sheep19164_2010_001987.jpg,0,0
19165,all_crop/sheep19165_2010_001987.jpg,0,0
19166,all_crop/sheep19166_2010_001987.jpg,0,0
19167,all_crop/sheep19167_2010_001987.jpg,0,0
19168,all_crop/sheep19168_2010_002041.jpg,0,0
19169,all_crop/sheep19169_2010_002041.jpg,0,0
19170,all_crop/sheep19170_2010_002041.jpg,0,0
19171,all_crop/sheep19171_2010_002041.jpg,0,0
19172,all_crop/sheep19172_2010_002041.jpg,0,0
19173,all_crop/sheep19173_2010_002058.jpg,0,0
19174,all_crop/sheep19174_2010_002106.jpg,0,0
19175,all_crop/sheep19175_2010_002106.jpg,0,0
19176,all_crop/sheep19176_2010_002113.jpg,0,0
19177,all_crop/sheep19177_2010_002124.jpg,0,0
19178,all_crop/sheep19178_2010_002124.jpg,0,0
19179,all_crop/sheep19179_2010_002232.jpg,0,0
19180,all_crop/sheep19180_2010_002232.jpg,0,0
19181,all_crop/sheep19181_2010_002232.jpg,0,0
19182,all_crop/sheep19182_2010_002294.jpg,0,0
19183,all_crop/sheep19183_2010_002518.jpg,0,0
19184,all_crop/sheep19184_2010_002518.jpg,0,0
19185,all_crop/sheep19185_2010_002547.jpg,0,0
19186,all_crop/sheep19186_2010_002705.jpg,0,0
19187,all_crop/sheep19187_2010_002705.jpg,0,0
19188,all_crop/sheep19188_2010_002705.jpg,0,0
19189,all_crop/sheep19189_2010_002736.jpg,0,0
19190,all_crop/sheep19190_2010_002736.jpg,0,0
19191,all_crop/sheep19191_2010_002737.jpg,0,0
19192,all_crop/sheep19192_2010_003074.jpg,0,0
19193,all_crop/sheep19193_2010_003074.jpg,0,0
19194,all_crop/sheep19194_2010_003074.jpg,0,0
19195,all_crop/sheep19195_2010_003074.jpg,0,0
19196,all_crop/sheep19196_2010_003102.jpg,0,0
19197,all_crop/sheep19197_2010_003253.jpg,0,0
19198,all_crop/sheep19198_2010_003376.jpg,0,0
19199,all_crop/sheep19199_2010_003376.jpg,0,0
19200,all_crop/sheep19200_2010_003376.jpg,0,0
19201,all_crop/sheep19201_2010_003376.jpg,0,0
19202,all_crop/sheep19202_2010_003429.jpg,0,0
19203,all_crop/sheep19203_2010_003541.jpg,0,0
19204,all_crop/sheep19204_2010_003742.jpg,0,0
19205,all_crop/sheep19205_2010_003761.jpg,0,0
19206,all_crop/sheep19206_2010_003761.jpg,0,0
19207,all_crop/sheep19207_2010_003761.jpg,0,0
19208,all_crop/sheep19208_2010_003774.jpg,0,0
19209,all_crop/sheep19209_2010_003774.jpg,0,0
19210,all_crop/sheep19210_2010_003774.jpg,0,0
19211,all_crop/sheep19211_2010_003774.jpg,0,0
19212,all_crop/sheep19212_2010_003774.jpg,0,0
19213,all_crop/sheep19213_2010_003774.jpg,0,0
19214,all_crop/sheep19214_2010_003792.jpg,0,0
19215,all_crop/sheep19215_2010_003792.jpg,0,0
19216,all_crop/sheep19216_2010_003792.jpg,0,0
19217,all_crop/sheep19217_2010_003792.jpg,0,0
19218,all_crop/sheep19218_2010_003806.jpg,0,0
19219,all_crop/sheep19219_2010_003919.jpg,0,0
19220,all_crop/sheep19220_2010_003919.jpg,0,0
19221,all_crop/sheep19221_2010_003939.jpg,0,0
19222,all_crop/sheep19222_2010_003939.jpg,0,0
19223,all_crop/sheep19223_2010_003939.jpg,0,0
19224,all_crop/sheep19224_2010_003939.jpg,0,0
19225,all_crop/sheep19225_2010_004067.jpg,0,0
19226,all_crop/sheep19226_2010_004105.jpg,0,0
19227,all_crop/sheep19227_2010_004188.jpg,0,0
19228,all_crop/sheep19228_2010_004188.jpg,0,0
19229,all_crop/sheep19229_2010_004225.jpg,0,0
19230,all_crop/sheep19230_2010_004225.jpg,0,0
19231,all_crop/sheep19231_2010_004226.jpg,0,0
19232,all_crop/sheep19232_2010_004226.jpg,0,0
19233,all_crop/sheep19233_2010_004226.jpg,0,0
19234,all_crop/sheep19234_2010_004226.jpg,0,0
19235,all_crop/sheep19235_2010_004428.jpg,0,0
19236,all_crop/sheep19236_2010_004431.jpg,0,0
19237,all_crop/sheep19237_2010_004629.jpg,0,0
19238,all_crop/sheep19238_2010_004659.jpg,0,0
19239,all_crop/sheep19239_2010_004659.jpg,0,0
19240,all_crop/sheep19240_2010_004868.jpg,0,0
19241,all_crop/sheep19241_2010_004868.jpg,0,0
19242,all_crop/sheep19242_2010_005026.jpg,0,0
19243,all_crop/sheep19243_2010_005066.jpg,0,0
19244,all_crop/sheep19244_2010_005120.jpg,0,0
19245,all_crop/sheep19245_2010_005120.jpg,0,0
19246,all_crop/sheep19246_2010_005120.jpg,0,0
19247,all_crop/sheep19247_2010_005160.jpg,0,0
19248,all_crop/sheep19248_2010_005285.jpg,0,0
19249,all_crop/sheep19249_2010_005416.jpg,0,0
19250,all_crop/sheep19250_2010_005514.jpg,0,0
19251,all_crop/sheep19251_2010_005514.jpg,0,0
19252,all_crop/sheep19252_2010_005566.jpg,0,0
19253,all_crop/sheep19253_2010_005566.jpg,0,0
19254,all_crop/sheep19254_2010_005566.jpg,0,0
19255,all_crop/sheep19255_2010_005566.jpg,0,0
19256,all_crop/sheep19256_2010_005566.jpg,0,0
19257,all_crop/sheep19257_2010_005567.jpg,0,0
19258,all_crop/sheep19258_2010_005567.jpg,0,0
19259,all_crop/sheep19259_2010_005567.jpg,0,0
19260,all_crop/sheep19260_2010_005567.jpg,0,0
19261,all_crop/sheep19261_2010_005567.jpg,0,0
19262,all_crop/sheep19262_2010_005567.jpg,0,0
19263,all_crop/sheep19263_2010_005635.jpg,0,0
19264,all_crop/sheep19264_2010_005635.jpg,0,0
19265,all_crop/sheep19265_2010_005688.jpg,0,0
19266,all_crop/sheep19266_2010_005719.jpg,0,0
19267,all_crop/sheep19267_2010_005767.jpg,0,0
19268,all_crop/sheep19268_2010_005767.jpg,0,0
19269,all_crop/sheep19269_2010_005767.jpg,0,0
19270,all_crop/sheep19270_2010_005788.jpg,0,0
19271,all_crop/sheep19271_2010_005788.jpg,0,0
19272,all_crop/sheep19272_2010_005788.jpg,0,0
19273,all_crop/sheep19273_2010_005788.jpg,0,0
19274,all_crop/sheep19274_2010_005788.jpg,0,0
19275,all_crop/sheep19275_2010_006026.jpg,0,0
13936,all_crop/person13936_2009_004794.jpg,1,1
14239,all_crop/person14239_2010_002440.jpg,1,1
12545,all_crop/person12545_2008_003515.jpg,1,1
12136,all_crop/person12136_2008_002032.jpg,1,1
122,all_crop/aeroplane122_2008_008215.jpg,1,1
6219,all_crop/chair6219_2008_001563.jpg,1,1
4362,all_crop/car4362_2010_005875.jpg,1,1
19331,all_crop/sofa19331_2008_007043.jpg,1,1
14558,all_crop/person14558_2010_005352.jpg,1,1
18041,all_crop/pottedplant18041_2008_005214.jpg,1,1
12042,all_crop/person12042_2008_001724.jpg,1,1
20469,all_crop/tvmonitor20469_2009_004357.jpg,1,1
20363,all_crop/tvmonitor20363_2008_006733.jpg,1,1
14320,all_crop/person14320_2010_003094.jpg,1,1
169,all_crop/aeroplane169_2009_001435.jpg,1,1
11608,all_crop/person11608_2008_000235.jpg,1,1
4038,all_crop/car4038_2009_000027.jpg,1,1
17975,all_crop/pottedplant17975_2008_000790.jpg,1,1
6355,all_crop/chair6355_2008_005081.jpg,1,1
13606,all_crop/person13606_2009_001994.jpg,1,1
6661,all_crop/chair6661_2009_002331.jpg,1,1
678,all_crop/bicycle678_2008_001566.jpg,1,1
762,all_crop/bicycle762_2008_008021.jpg,1,1
13648,all_crop/person13648_2009_002376.jpg,1,1
6915,all_crop/chair6915_2010_001261.jpg,1,1
13522,all_crop/person13522_2009_001091.jpg,1,1
19881,all_crop/train19881_2009_002624.jpg,1,1
12857,all_crop/person12857_2008_004903.jpg,1,1
12470,all_crop/person12470_2008_003209.jpg,1,1
2122,all_crop/boat2122_2008_000235.jpg,1,1
12838,all_crop/person12838_2008_004807.jpg,1,1
12294,all_crop/person12294_2008_002578.jpg,1,1
3891,all_crop/car3891_2008_005045.jpg,1,1
18039,all_crop/pottedplant18039_2008_005146.jpg,1,1
19794,all_crop/train19794_2008_006919.jpg,1,1
258,all_crop/aeroplane258_2010_001039.jpg,1,1
20357,all_crop/tvmonitor20357_2008_006606.jpg,1,1
13135,all_crop/person13135_2008_006881.jpg,1,1
8673,all_crop/diningtable8673_2010_000601.jpg,1,1
8525,all_crop/diningtable8525_2008_003534.jpg,1,1
11143,all_crop/motorbike11143_2009_000882.jpg,1,1
4355,all_crop/car4355_2010_005750.jpg,1,1
8,all_crop/aeroplane8_2008_000756.jpg,1,1
14576,all_crop/person14576_2010_005466.jpg,1,1
12859,all_crop/person12859_2008_004937.jpg,1,1
3925,all_crop/car3925_2008_005707.jpg,1,1
11682,all_crop/person11682_2008_000461.jpg,1,1
12834,all_crop/person12834_2008_004764.jpg,1,1
8722,all_crop/diningtable8722_2010_004592.jpg,1,1
13453,all_crop/person13453_2009_000544.jpg,1,1
11863,all_crop/person11863_2008_001115.jpg,1,1
2317,all_crop/boat2317_2009_004397.jpg,1,1
19451,all_crop/sofa19451_2009_005240.jpg,1,1
18067,all_crop/pottedplant18067_2008_006881.jpg,1,1
11654,all_crop/person11654_2008_000393.jpg,1,1
142,all_crop/aeroplane142_2009_000320.jpg,1,1
2874,all_crop/bottle2874_2010_000448.jpg,1,1
14468,all_crop/person14468_2010_004561.jpg,1,1
3810,all_crop/car3810_2008_002741.jpg,1,1
6616,all_crop/chair6616_2009_001800.jpg,1,1
13120,all_crop/person13120_2008_006750.jpg,1,1
6707,all_crop/chair6707_2009_002952.jpg,1,1
19352,all_crop/sofa19352_2008_008608.jpg,1,1
14124,all_crop/person14124_2010_001312.jpg,1,1
6323,all_crop/chair6323_2008_004457.jpg,1,1
2894,all_crop/bottle2894_2010_002772.jpg,1,1
20443,all_crop/tvmonitor20443_2009_002970.jpg,1,1
12868,all_crop/person12868_2008_004991.jpg,1,1
11648,all_crop/person11648_2008_000392.jpg,1,1
8534,all_crop/diningtable8534_2008_004834.jpg,1,1
12808,all_crop/person12808_2008_004568.jpg,1,1
20319,all_crop/tvmonitor20319_2008_004719.jpg,1,1
11271,all_crop/motorbike11271_2010_005429.jpg,1,1
4111,all_crop/car4111_2009_002695.jpg,1,1
13456,all_crop/person13456_2009_000546.jpg,1,1
222,all_crop/aeroplane222_2009_004446.jpg,1,1
6657,all_crop/chair6657_2009_002301.jpg,1,1
3989,all_crop/car3989_2008_007090.jpg,1,1
19300,all_crop/sofa19300_2008_002903.jpg,1,1
13875,all_crop/person13875_2009_004276.jpg,1,1
2927,all_crop/bottle2927_2010_005663.jpg,1,1
12141,all_crop/person12141_2008_002061.jpg,1,1
2799,all_crop/bottle2799_2009_002089.jpg,1,1
2176,all_crop/boat2176_2008_003870.jpg,1,1
19813,all_crop/train19813_2008_008321.jpg,1,1
6436,all_crop/chair6436_2008_007169.jpg,1,1
12552,all_crop/person12552_2008_003534.jpg,1,1
13221,all_crop/person13221_2008_007675.jpg,1,1
195,all_crop/aeroplane195_2009_003108.jpg,1,1
3813,all_crop/car3813_2008_002857.jpg,1,1
13860,all_crop/person13860_2009_004154.jpg,1,1
12909,all_crop/person12909_2008_005271.jpg,1,1
3952,all_crop/car3952_2008_006257.jpg,1,1
6390,all_crop/chair6390_2008_005954.jpg,1,1
6790,all_crop/chair6790_2009_004312.jpg,1,1
14563,all_crop/person14563_2010_005352.jpg,1,1
13269,all_crop/person13269_2008_007990.jpg,1,1
18216,all_crop/pottedplant18216_2010_001111.jpg,1,1
861,all_crop/bicycle861_2009_003353.jpg,1,1
4367,all_crop/car4367_2010_005959.jpg,1,1
6192,all_crop/chair6192_2008_000914.jpg,1,1
13468,all_crop/person13468_2009_000595.jpg,1,1
12358,all_crop/person12358_2008_002794.jpg,1,1
18230,all_crop/pottedplant18230_2010_002055.jpg,1,1
13672,all_crop/person13672_2009_002595.jpg,1,1
3958,all_crop/car3958_2008_006483.jpg,1,1
4012,all_crop/car4012_2008_007698.jpg,1,1
13037,all_crop/person13037_2008_006124.jpg,1,1
13154,all_crop/person13154_2008_007061.jpg,1,1
158,all_crop/aeroplane158_2009_000887.jpg,1,1
12369,all_crop/person12369_2008_002842.jpg,1,1
6381,all_crop/chair6381_2008_005739.jpg,1,1
11586,all_crop/person11586_2008_000041.jpg,1,1
14409,all_crop/person14409_2010_003894.jpg,1,1
2303,all_crop/boat2303_2009_003019.jpg,1,1
20548,all_crop/tvmonitor20548_2010_004591.jpg,1,1
6754,all_crop/chair6754_2009_003818.jpg,1,1
12363,all_crop/person12363_2008_002808.jpg,1,1
19850,all_crop/train19850_2009_001042.jpg,1,1
6734,all_crop/chair6734_2009_003520.jpg,1,1
3798,all_crop/car3798_2008_002258.jpg,1,1
11020,all_crop/motorbike11020_2008_002774.jpg,1,1
11073,all_crop/motorbike11073_2008_006242.jpg,1,1
12258,all_crop/person12258_2008_002457.jpg,1,1
13821,all_crop/person13821_2009_003816.jpg,1,1
4334,all_crop/car4334_2010_005019.jpg,1,1
6525,all_crop/chair6525_2009_000188.jpg,1,1
13658,all_crop/person13658_2009_002425.jpg,1,1
19434,all_crop/sofa19434_2009_004264.jpg,1,1
3357,all_crop/bus3357_2009_003053.jpg,1,1
20429,all_crop/tvmonitor20429_2009_002409.jpg,1,1
2259,all_crop/boat2259_2009_000420.jpg,1,1
6255,all_crop/chair6255_2008_002601.jpg,1,1
22,all_crop/aeroplane22_2008_002719.jpg,1,1
4347,all_crop/car4347_2010_005518.jpg,1,1
20464,all_crop/tvmonitor20464_2009_004301.jpg,1,1
13643,all_crop/person13643_2009_002338.jpg,1,1
6423,all_crop/chair6423_2008_006808.jpg,1,1
14023,all_crop/person14023_2010_000419.jpg,1,1
708,all_crop/bicycle708_2008_003819.jpg,1,1
12742,all_crop/person12742_2008_004331.jpg,1,1
19339,all_crop/sofa19339_2008_008206.jpg,1,1
13337,all_crop/person13337_2008_008440.jpg,1,1
12266,all_crop/person12266_2008_002487.jpg,1,1
11817,all_crop/person11817_2008_000970.jpg,1,1
146,all_crop/aeroplane146_2009_000320.jpg,1,1
17999,all_crop/pottedplant17999_2008_002317.jpg,1,1
3957,all_crop/car3957_2008_006475.jpg,1,1
109,all_crop/aeroplane109_2008_007758.jpg,1,1
8510,all_crop/diningtable8510_2008_000493.jpg,1,1
11127,all_crop/motorbike11127_2009_000119.jpg,1,1
7053,all_crop/chair7053_2010_004592.jpg,1,1
12648,all_crop/person12648_2008_003891.jpg,1,1
3385,all_crop/bus3385_2009_004328.jpg,1,1
54,all_crop/aeroplane54_2008_004648.jpg,1,1
6818,all_crop/chair6818_2009_004562.jpg,1,1
2229,all_crop/boat2229_2008_006767.jpg,1,1
14179,all_crop/person14179_2010_001941.jpg,1,1
19809,all_crop/train19809_2008_008200.jpg,1,1
3879,all_crop/car3879_2008_004678.jpg,1,1
11650,all_crop/person11650_2008_000392.jpg,1,1
11644,all_crop/person11644_2008_000371.jpg,1,1
20560,all_crop/tvmonitor20560_2010_005805.jpg,1,1
6188,all_crop/chair6188_2008_000790.jpg,1,1
12821,all_crop/person12821_2008_004677.jpg,1,1
13690,all_crop/person13690_2009_002792.jpg,1,1
19298,all_crop/sofa19298_2008_002533.jpg,1,1
12944,all_crop/person12944_2008_005527.jpg,1,1
2233,all_crop/boat2233_2008_006903.jpg,1,1
19358,all_crop/sofa19358_2009_000217.jpg,1,1
6316,all_crop/chair6316_2008_004372.jpg,1,1
2293,all_crop/boat2293_2009_002543.jpg,1,1
13562,all_crop/person13562_2009_001553.jpg,1,1
11715,all_crop/person11715_2008_000588.jpg,1,1
14267,all_crop/person14267_2010_002702.jpg,1,1
13139,all_crop/person13139_2008_006933.jpg,1,1
6176,all_crop/chair6176_2008_000572.jpg,1,1
13884,all_crop/person13884_2009_004290.jpg,1,1
4225,all_crop/car4225_2010_001337.jpg,1,1
11063,all_crop/motorbike11063_2008_005213.jpg,1,1
14197,all_crop/person14197_2010_002044.jpg,1,1
275,all_crop/aeroplane275_2010_002496.jpg,1,1
19474,all_crop/sofa19474_2010_002312.jpg,1,1
20383,all_crop/tvmonitor20383_2008_008276.jpg,1,1
13348,all_crop/person13348_2008_008526.jpg,1,1
12455,all_crop/person12455_2008_003146.jpg,1,1
13366,all_crop/person13366_2008_008593.jpg,1,1
4133,all_crop/car4133_2009_003416.jpg,1,1
3773,all_crop/car3773_2008_001375.jpg,1,1
12066,all_crop/person12066_2008_001811.jpg,1,1
2340,all_crop/boat2340_2010_001126.jpg,1,1
12338,all_crop/person12338_2008_002736.jpg,1,1
17971,all_crop/pottedplant17971_2008_000790.jpg,1,1
4036,all_crop/car4036_2009_000021.jpg,1,1
14365,all_crop/person14365_2010_003469.jpg,1,1
12359,all_crop/person12359_2008_002794.jpg,1,1
874,all_crop/bicycle874_2009_004561.jpg,1,1
10997,all_crop/motorbike10997_2008_000981.jpg,1,1
13387,all_crop/person13387_2008_008757.jpg,1,1
11252,all_crop/motorbike11252_2010_004066.jpg,1,1
13512,all_crop/person13512_2009_001042.jpg,1,1
13162,all_crop/person13162_2008_007138.jpg,1,1
18114,all_crop/pottedplant18114_2009_000722.jpg,1,1
12723,all_crop/person12723_2008_004231.jpg,1,1
84,all_crop/aeroplane84_2008_006619.jpg,1,1
11927,all_crop/person11927_2008_001358.jpg,1,1
41,all_crop/aeroplane41_2008_004165.jpg,1,1
12384,all_crop/person12384_2008_002892.jpg,1,1
11585,all_crop/person11585_2008_000041.jpg,1,1
12265,all_crop/person12265_2008_002484.jpg,1,1
11591,all_crop/person11591_2008_000109.jpg,1,1
8628,all_crop/diningtable8628_2009_003690.jpg,1,1
810,all_crop/bicycle810_2009_000757.jpg,1,1
19849,all_crop/train19849_2009_000974.jpg,1,1
3423,all_crop/bus3423_2010_001630.jpg,1,1
64,all_crop/aeroplane64_2008_005078.jpg,1,1
8569,all_crop/diningtable8569_2009_000141.jpg,1,1
19305,all_crop/sofa19305_2008_003814.jpg,1,1
6392,all_crop/chair6392_2008_006076.jpg,1,1
8605,all_crop/diningtable8605_2009_002107.jpg,1,1
20521,all_crop/tvmonitor20521_2010_002843.jpg,1,1
12519,all_crop/person12519_2008_003417.jpg,1,1
203,all_crop/aeroplane203_2009_003219.jpg,1,1
778,all_crop/bicycle778_2008_008528.jpg,1,1
12103,all_crop/person12103_2008_001937.jpg,1,1
2247,all_crop/boat2247_2008_007750.jpg,1,1
14425,all_crop/person14425_2010_004033.jpg,1,1
6399,all_crop/chair6399_2008_006258.jpg,1,1
13129,all_crop/person13129_2008_006857.jpg,1,1
12119,all_crop/person12119_2008_001982.jpg,1,1
11804,all_crop/person11804_2008_000924.jpg,1,1
14177,all_crop/person14177_2010_001940.jpg,1,1
7002,all_crop/chair7002_2010_003084.jpg,1,1
4324,all_crop/car4324_2010_004581.jpg,1,1
930,all_crop/bicycle930_2010_003367.jpg,1,1
14269,all_crop/person14269_2010_002708.jpg,1,1
725,all_crop/bicycle725_2008_005484.jpg,1,1
14011,all_crop/person14011_2010_000234.jpg,1,1
4311,all_crop/car4311_2010_004258.jpg,1,1
844,all_crop/bicycle844_2009_002835.jpg,1,1
14036,all_crop/person14036_2010_000490.jpg,1,1
213,all_crop/aeroplane213_2009_003799.jpg,1,1
6666,all_crop/chair6666_2009_002443.jpg,1,1
105,all_crop/aeroplane105_2008_007629.jpg,1,1
12244,all_crop/person12244_2008_002405.jpg,1,1
8608,all_crop/diningtable8608_2009_002579.jpg,1,1
18260,all_crop/pottedplant18260_2010_004358.jpg,1,1
3330,all_crop/bus3330_2009_001472.jpg,1,1
2818,all_crop/bottle2818_2009_002984.jpg,1,1
2889,all_crop/bottle2889_2010_002055.jpg,1,1
14079,all_crop/person14079_2010_000942.jpg,1,1
12818,all_crop/person12818_2008_004649.jpg,1,1
13443,all_crop/person13443_2009_000505.jpg,1,1
4227,all_crop/car4227_2010_001431.jpg,1,1
13191,all_crop/person13191_2008_007291.jpg,1,1
13527,all_crop/person13527_2009_001103.jpg,1,1
790,all_crop/bicycle790_2008_008707.jpg,1,1
2911,all_crop/bottle2911_2010_004109.jpg,1,1
4351,all_crop/car4351_2010_005663.jpg,1,1
6384,all_crop/chair6384_2008_005794.jpg,1,1
4214,all_crop/car4214_2010_001121.jpg,1,1
19471,all_crop/sofa19471_2010_002191.jpg,1,1
14042,all_crop/person14042_2010_000503.jpg,1,1
12801,all_crop/person12801_2008_004515.jpg,1,1
19420,all_crop/sofa19420_2009_003819.jpg,1,1
4359,all_crop/car4359_2010_005836.jpg,1,1
19404,all_crop/sofa19404_2009_002713.jpg,1,1
3389,all_crop/bus3389_2009_004383.jpg,1,1
12102,all_crop/person12102_2008_001929.jpg,1,1
167,all_crop/aeroplane167_2009_001372.jpg,1,1
13345,all_crop/person13345_2008_008517.jpg,1,1
3859,all_crop/car3859_2008_004080.jpg,1,1
6615,all_crop/chair6615_2009_001676.jpg,1,1
6578,all_crop/chair6578_2009_001217.jpg,1,1
12019,all_crop/person12019_2008_001652.jpg,1,1
4228,all_crop/car4228_2010_001478.jpg,1,1
3906,all_crop/car3906_2008_005218.jpg,1,1
11596,all_crop/person11596_2008_000142.jpg,1,1
13210,all_crop/person13210_2008_007584.jpg,1,1
11858,all_crop/person11858_2008_001104.jpg,1,1
18000,all_crop/pottedplant18000_2008_002317.jpg,1,1
2311,all_crop/boat2311_2009_003600.jpg,1,1
13452,all_crop/person13452_2009_000539.jpg,1,1
13613,all_crop/person13613_2009_002088.jpg,1,1
18116,all_crop/pottedplant18116_2009_000926.jpg,1,1
697,all_crop/bicycle697_2008_003140.jpg,1,1
6619,all_crop/chair6619_2009_001817.jpg,1,1
14083,all_crop/person14083_2010_000970.jpg,1,1
13887,all_crop/person13887_2009_004301.jpg,1,1
12493,all_crop/person12493_2008_003313.jpg,1,1
20535,all_crop/tvmonitor20535_2010_003874.jpg,1,1
2237,all_crop/boat2237_2008_006961.jpg,1,1
4130,all_crop/car4130_2009_003310.jpg,1,1
12665,all_crop/person12665_2008_003956.jpg,1,1
11788,all_crop/person11788_2008_000873.jpg,1,1
754,all_crop/bicycle754_2008_007510.jpg,1,1
3780,all_crop/car3780_2008_001533.jpg,1,1
14149,all_crop/person14149_2010_001649.jpg,1,1
12628,all_crop/person12628_2008_003802.jpg,1,1
19937,all_crop/train19937_2010_000136.jpg,1,1
2736,all_crop/bottle2736_2008_006427.jpg,1,1
12673,all_crop/person12673_2008_003984.jpg,1,1
33,all_crop/aeroplane33_2008_003688.jpg,1,1
12815,all_crop/person12815_2008_004611.jpg,1,1
12003,all_crop/person12003_2008_001609.jpg,1,1
13758,all_crop/person13758_2009_003361.jpg,1,1
19328,all_crop/sofa19328_2008_006737.jpg,1,1
16028,all_crop/person16028_2008_004389.jpg,1,0
17410,all_crop/person17410_2010_001411.jpg,1,0
7737,all_crop/chair7737_2009_004263.jpg,1,0
1202,all_crop/bicycle1202_2010_001049.jpg,1,0
2469,all_crop/boat2469_2008_005504.jpg,1,0
515,all_crop/aeroplane515_2009_002680.jpg,1,0
7668,all_crop/chair7668_2009_003251.jpg,1,0
16985,all_crop/person16985_2009_002580.jpg,1,0
1250,all_crop/bicycle1250_2010_005542.jpg,1,0
15992,all_crop/person15992_2008_004243.jpg,1,0
15136,all_crop/person15136_2008_001602.jpg,1,0
20784,all_crop/tvmonitor20784_2009_004062.jpg,1,0
7810,all_crop/chair7810_2010_000090.jpg,1,0
8875,all_crop/diningtable8875_2009_004859.jpg,1,0
15196,all_crop/person15196_2008_001745.jpg,1,0
3557,all_crop/bus3557_2009_001083.jpg,1,0
15822,all_crop/person15822_2008_003684.jpg,1,0
3542,all_crop/bus3542_2009_000426.jpg,1,0
4476,all_crop/car4476_2008_003794.jpg,1,0
7362,all_crop/chair7362_2008_006311.jpg,1,0
3065,all_crop/bottle3065_2009_000840.jpg,1,0
14802,all_crop/person14802_2008_000614.jpg,1,0
14714,all_crop/person14714_2008_000376.jpg,1,0
399,all_crop/aeroplane399_2008_005750.jpg,1,0
17712,all_crop/person17712_2010_003859.jpg,1,0
4915,all_crop/car4915_2010_002790.jpg,1,0
17601,all_crop/person17601_2010_002929.jpg,1,0
3224,all_crop/bottle3224_2010_005379.jpg,1,0
7733,all_crop/chair7733_2009_004148.jpg,1,0
11536,all_crop/motorbike11536_2010_003207.jpg,1,0
15784,all_crop/person15784_2008_003546.jpg,1,0
4475,all_crop/car4475_2008_003775.jpg,1,0
16739,all_crop/person16739_2009_000421.jpg,1,0
17200,all_crop/person17200_2009_004518.jpg,1,0
18338,all_crop/pottedplant18338_2008_003676.jpg,1,0
2979,all_crop/bottle2979_2008_005204.jpg,1,0
17726,all_crop/person17726_2010_003983.jpg,1,0
4894,all_crop/car4894_2010_002048.jpg,1,0
8792,all_crop/diningtable8792_2008_008155.jpg,1,0
7140,all_crop/chair7140_2008_000835.jpg,1,0
15652,all_crop/person15652_2008_003008.jpg,1,0
4808,all_crop/car4808_2009_004518.jpg,1,0
1014,all_crop/bicycle1014_2008_004784.jpg,1,0
16597,all_crop/person16597_2008_008272.jpg,1,0
3180,all_crop/bottle3180_2010_001830.jpg,1,0
966,all_crop/bicycle966_2008_000466.jpg,1,0
17073,all_crop/person17073_2009_003379.jpg,1,0
7662,all_crop/chair7662_2009_003198.jpg,1,0
17072,all_crop/person17072_2009_003379.jpg,1,0
16902,all_crop/person16902_2009_001822.jpg,1,0
15598,all_crop/person15598_2008_002869.jpg,1,0
1005,all_crop/bicycle1005_2008_004142.jpg,1,0
349,all_crop/aeroplane349_2008_002151.jpg,1,0
7896,all_crop/chair7896_2010_002370.jpg,1,0
1064,all_crop/bicycle1064_2008_008307.jpg,1,0
15739,all_crop/person15739_2008_003407.jpg,1,0
18315,all_crop/pottedplant18315_2008_002026.jpg,1,0
8949,all_crop/diningtable8949_2010_004909.jpg,1,0
20646,all_crop/tvmonitor20646_2008_005439.jpg,1,0
17144,all_crop/person17144_2009_004072.jpg,1,0
11424,all_crop/motorbike11424_2009_000611.jpg,1,0
7309,all_crop/chair7309_2008_005070.jpg,1,0
1228,all_crop/bicycle1228_2010_003379.jpg,1,0
16329,all_crop/person16329_2008_006120.jpg,1,0
17078,all_crop/person17078_2009_003431.jpg,1,0
378,all_crop/aeroplane378_2008_004646.jpg,1,0
16573,all_crop/person16573_2008_008091.jpg,1,0
20128,all_crop/train20128_2009_002291.jpg,1,0
1042,all_crop/bicycle1042_2008_006424.jpg,1,0
498,all_crop/aeroplane498_2009_001850.jpg,1,0
20047,all_crop/train20047_2008_006752.jpg,1,0
4705,all_crop/car4705_2009_000948.jpg,1,0
7503,all_crop/chair7503_2009_000811.jpg,1,0
17346,all_crop/person17346_2010_000617.jpg,1,0
4599,all_crop/car4599_2008_006642.jpg,1,0
659,all_crop/aeroplane659_2010_005888.jpg,1,0
7697,all_crop/chair7697_2009_003759.jpg,1,0
18543,all_crop/pottedplant18543_2009_005286.jpg,1,0
4404,all_crop/car4404_2008_001007.jpg,1,0
16118,all_crop/person16118_2008_004814.jpg,1,0
16646,all_crop/person16646_2008_008500.jpg,1,0
16728,all_crop/person16728_2009_000337.jpg,1,0
8820,all_crop/diningtable8820_2009_002078.jpg,1,0
8767,all_crop/diningtable8767_2008_004564.jpg,1,0
17430,all_crop/person17430_2010_001543.jpg,1,0
14938,all_crop/person14938_2008_001034.jpg,1,0
17679,all_crop/person17679_2010_003585.jpg,1,0
18595,all_crop/pottedplant18595_2010_002195.jpg,1,0
11430,all_crop/motorbike11430_2009_000719.jpg,1,0
15161,all_crop/person15161_2008_001649.jpg,1,0
16734,all_crop/person16734_2009_000411.jpg,1,0
16291,all_crop/person16291_2008_005957.jpg,1,0
17732,all_crop/person17732_2010_004050.jpg,1,0
3533,all_crop/bus3533_2008_008684.jpg,1,0
3165,all_crop/bottle3165_2010_000213.jpg,1,0
20087,all_crop/train20087_2009_000090.jpg,1,0
11556,all_crop/motorbike11556_2010_004624.jpg,1,0
20122,all_crop/train20122_2009_002144.jpg,1,0
4884,all_crop/car4884_2010_001767.jpg,1,0
8964,all_crop/diningtable8964_2010_005936.jpg,1,0
17356,all_crop/person17356_2010_000722.jpg,1,0
17793,all_crop/person17793_2010_004597.jpg,1,0
19680,all_crop/sofa19680_2009_004291.jpg,1,0
8845,all_crop/diningtable8845_2009_003154.jpg,1,0
4738,all_crop/car4738_2009_002632.jpg,1,0
16764,all_crop/person16764_2009_000661.jpg,1,0
15978,all_crop/person15978_2008_004203.jpg,1,0
16165,all_crop/person16165_2008_005089.jpg,1,0
18435,all_crop/pottedplant18435_2008_008024.jpg,1,0
7283,all_crop/chair7283_2008_004487.jpg,1,0
19661,all_crop/sofa19661_2009_003607.jpg,1,0
7499,all_crop/chair7499_2009_000811.jpg,1,0
16520,all_crop/person16520_2008_007716.jpg,1,0
18524,all_crop/pottedplant18524_2009_004093.jpg,1,0
14694,all_crop/person14694_2008_000277.jpg,1,0
18612,all_crop/pottedplant18612_2010_003667.jpg,1,0
16143,all_crop/person16143_2008_004940.jpg,1,0
14917,all_crop/person14917_2008_000976.jpg,1,0
14705,all_crop/person14705_2008_000307.jpg,1,0
15094,all_crop/person15094_2008_001504.jpg,1,0
5021,all_crop/car5021_2010_006033.jpg,1,0
14811,all_crop/person14811_2008_000640.jpg,1,0
15511,all_crop/person15511_2008_002640.jpg,1,0
15170,all_crop/person15170_2008_001668.jpg,1,0
20671,all_crop/tvmonitor20671_2008_006605.jpg,1,0
17832,all_crop/person17832_2010_004952.jpg,1,0
16637,all_crop/person16637_2008_008450.jpg,1,0
20020,all_crop/train20020_2008_003263.jpg,1,0
4381,all_crop/car4381_2008_000251.jpg,1,0
15703,all_crop/person15703_2008_003249.jpg,1,0
17226,all_crop/person17226_2009_004849.jpg,1,0
15687,all_crop/person15687_2008_003193.jpg,1,0
14740,all_crop/person14740_2008_000424.jpg,1,0
7837,all_crop/chair7837_2010_000761.jpg,1,0
426,all_crop/aeroplane426_2008_007096.jpg,1,0
17126,all_crop/person17126_2009_003892.jpg,1,0
17895,all_crop/person17895_2010_005410.jpg,1,0
15261,all_crop/person15261_2008_001910.jpg,1,0
8785,all_crop/diningtable8785_2008_007166.jpg,1,0
4854,all_crop/car4854_2010_000628.jpg,1,0
15836,all_crop/person15836_2008_003733.jpg,1,0
18500,all_crop/pottedplant18500_2009_003238.jpg,1,0
605,all_crop/aeroplane605_2010_002939.jpg,1,0
8932,all_crop/diningtable8932_2010_003594.jpg,1,0
15400,all_crop/person15400_2008_002283.jpg,1,0
17234,all_crop/person17234_2009_004869.jpg,1,0
7253,all_crop/chair7253_2008_003753.jpg,1,0
20184,all_crop/train20184_2009_005149.jpg,1,0
536,all_crop/aeroplane536_2009_003571.jpg,1,0
2444,all_crop/boat2444_2008_003449.jpg,1,0
17212,all_crop/person17212_2009_004697.jpg,1,0
16055,all_crop/person16055_2008_004459.jpg,1,0
7844,all_crop/chair7844_2010_001343.jpg,1,0
4968,all_crop/car4968_2010_004021.jpg,1,0
17797,all_crop/person17797_2010_004597.jpg,1,0
15761,all_crop/person15761_2008_003479.jpg,1,0
17942,all_crop/person17942_2010_005884.jpg,1,0
8954,all_crop/diningtable8954_2010_005398.jpg,1,0
20645,all_crop/tvmonitor20645_2008_005393.jpg,1,0
8811,all_crop/diningtable8811_2009_001398.jpg,1,0
16889,all_crop/person16889_2009_001794.jpg,1,0
15480,all_crop/person15480_2008_002542.jpg,1,0
4964,all_crop/car4964_2010_003813.jpg,1,0
15043,all_crop/person15043_2008_001333.jpg,1,0
4432,all_crop/car4432_2008_002401.jpg,1,0
20133,all_crop/train20133_2009_002669.jpg,1,0
17404,all_crop/person17404_2010_001287.jpg,1,0
18470,all_crop/pottedplant18470_2009_001440.jpg,1,0
7235,all_crop/chair7235_2008_003178.jpg,1,0
11566,all_crop/motorbike11566_2010_005160.jpg,1,0
15100,all_crop/person15100_2008_001534.jpg,1,0
16751,all_crop/person16751_2009_000550.jpg,1,0
1016,all_crop/bicycle1016_2008_004995.jpg,1,0
17888,all_crop/person17888_2010_005405.jpg,1,0
4994,all_crop/car4994_2010_004877.jpg,1,0
3062,all_crop/bottle3062_2009_000783.jpg,1,0
7988,all_crop/chair7988_2010_004775.jpg,1,0
16556,all_crop/person16556_2008_007966.jpg,1,0
4716,all_crop/car4716_2009_001767.jpg,1,0
3700,all_crop/bus3700_2010_004735.jpg,1,0
7425,all_crop/chair7425_2008_007737.jpg,1,0
7649,all_crop/chair7649_2009_002995.jpg,1,0
3131,all_crop/bottle3131_2009_003269.jpg,1,0
17136,all_crop/person17136_2009_004032.jpg,1,0
15648,all_crop/person15648_2008_003001.jpg,1,0
7847,all_crop/chair7847_2010_001343.jpg,1,0
17015,all_crop/person17015_2009_002894.jpg,1,0
3682,all_crop/bus3682_2010_002868.jpg,1,0
20052,all_crop/train20052_2008_007189.jpg,1,0
15223,all_crop/person15223_2008_001802.jpg,1,0
17388,all_crop/person17388_2010_001036.jpg,1,0
15771,all_crop/person15771_2008_003514.jpg,1,0
4898,all_crop/car4898_2010_002279.jpg,1,0
8835,all_crop/diningtable8835_2009_002571.jpg,1,0
11540,all_crop/motorbike11540_2010_003314.jpg,1,0
15182,all_crop/person15182_2008_001712.jpg,1,0
3540,all_crop/bus3540_2009_000335.jpg,1,0
15330,all_crop/person15330_2008_002088.jpg,1,0
17496,all_crop/person17496_2010_002096.jpg,1,0
11417,all_crop/motorbike11417_2008_008450.jpg,1,0
11412,all_crop/motorbike11412_2008_008246.jpg,1,0
3552,all_crop/bus3552_2009_000886.jpg,1,0
16369,all_crop/person16369_2008_006407.jpg,1,0
17491,all_crop/person17491_2010_002022.jpg,1,0
15096,all_crop/person15096_2008_001520.jpg,1,0
1019,all_crop/bicycle1019_2008_005190.jpg,1,0
11350,all_crop/motorbike11350_2008_004832.jpg,1,0
17948,all_crop/person17948_2010_005936.jpg,1,0
8899,all_crop/diningtable8899_2010_001287.jpg,1,0
7179,all_crop/chair7179_2008_001624.jpg,1,0
2498,all_crop/boat2498_2008_006949.jpg,1,0
8057,all_crop/chair8057_2010_006041.jpg,1,0
4567,all_crop/car4567_2008_005796.jpg,1,0
4834,all_crop/car4834_2010_000194.jpg,1,0
11337,all_crop/motorbike11337_2008_003827.jpg,1,0
17603,all_crop/person17603_2010_002929.jpg,1,0
16319,all_crop/person16319_2008_006120.jpg,1,0
3097,all_crop/bottle3097_2009_002464.jpg,1,0
15402,all_crop/person15402_2008_002283.jpg,1,0
16634,all_crop/person16634_2008_008433.jpg,1,0
4665,all_crop/car4665_2008_008024.jpg,1,0
17781,all_crop/person17781_2010_004479.jpg,1,0
17900,all_crop/person17900_2010_005538.jpg,1,0
18467,all_crop/pottedplant18467_2009_001417.jpg,1,0
16040,all_crop/person16040_2008_004417.jpg,1,0
20015,all_crop/train20015_2008_002452.jpg,1,0
16138,all_crop/person16138_2008_004894.jpg,1,0
20691,all_crop/tvmonitor20691_2008_007446.jpg,1,0
14992,all_crop/person14992_2008_001183.jpg,1,0
7453,all_crop/chair7453_2008_008470.jpg,1,0
8009,all_crop/chair8009_2010_004909.jpg,1,0
20126,all_crop/train20126_2009_002219.jpg,1,0
14927,all_crop/person14927_2008_001007.jpg,1,0
16241,all_crop/person16241_2008_005646.jpg,1,0
20723,all_crop/tvmonitor20723_2009_000704.jpg,1,0
20844,all_crop/tvmonitor20844_2010_002094.jpg,1,0
375,all_crop/aeroplane375_2008_004605.jpg,1,0
3175,all_crop/bottle3175_2010_001463.jpg,1,0
19703,all_crop/sofa19703_2010_001127.jpg,1,0
15534,all_crop/person15534_2008_002720.jpg,1,0
16987,all_crop/person16987_2009_002607.jpg,1,0
16635,all_crop/person16635_2008_008443.jpg,1,0
11524,all_crop/motorbike11524_2010_001614.jpg,1,0
11527,all_crop/motorbike11527_2010_002128.jpg,1,0
16609,all_crop/person16609_2008_008357.jpg,1,0
4442,all_crop/car4442_2008_002746.jpg,1,0
16969,all_crop/person16969_2009_002500.jpg,1,0
7715,all_crop/chair7715_2009_003973.jpg,1,0
7754,all_crop/chair7754_2009_004532.jpg,1,0
19595,all_crop/sofa19595_2009_000096.jpg,1,0
4663,all_crop/car4663_2008_007981.jpg,1,0
16173,all_crop/person16173_2008_005151.jpg,1,0
17238,all_crop/person17238_2009_004933.jpg,1,0
4931,all_crop/car4931_2010_003123.jpg,1,0
7937,all_crop/chair7937_2010_003379.jpg,1,0
11401,all_crop/motorbike11401_2008_007716.jpg,1,0
11500,all_crop/motorbike11500_2009_004857.jpg,1,0
2629,all_crop/boat2629_2010_003103.jpg,1,0
15279,all_crop/person15279_2008_001930.jpg,1,0
16648,all_crop/person16648_2008_008519.jpg,1,0
11375,all_crop/motorbike11375_2008_006441.jpg,1,0
15896,all_crop/person15896_2008_003881.jpg,1,0
7845,all_crop/chair7845_2010_001343.jpg,1,0
17087,all_crop/person17087_2009_003576.jpg,1,0
11315,all_crop/motorbike11315_2008_002240.jpg,1,0
15207,all_crop/person15207_2008_001765.jpg,1,0
19654,all_crop/sofa19654_2009_003373.jpg,1,0
19605,all_crop/sofa19605_2009_000422.jpg,1,0
15326,all_crop/person15326_2008_002084.jpg,1,0
14967,all_crop/person14967_2008_001076.jpg,1,0
15780,all_crop/person15780_2008_003542.jpg,1,0
16621,all_crop/person16621_2008_008362.jpg,1,0
16171,all_crop/person16171_2008_005139.jpg,1,0
2423,all_crop/boat2423_2008_001799.jpg,1,0
2630,all_crop/boat2630_2010_003107.jpg,1,0
15370,all_crop/person15370_2008_002155.jpg,1,0
15444,all_crop/person15444_2008_002451.jpg,1,0
17080,all_crop/person17080_2009_003441.jpg,1,0
15001,all_crop/person15001_2008_001205.jpg,1,0
551,all_crop/aeroplane551_2009_004535.jpg,1,0
3538,all_crop/bus3538_2009_000097.jpg,1,0
20780,all_crop/tvmonitor20780_2009_004062.jpg,1,0
3664,all_crop/bus3664_2010_001403.jpg,1,0
8747,all_crop/diningtable8747_2008_000885.jpg,1,0
3604,all_crop/bus3604_2009_003491.jpg,1,0
15546,all_crop/person15546_2008_002738.jpg,1,0
14974,all_crop/person14974_2008_001099.jpg,1,0
16237,all_crop/person16237_2008_005612.jpg,1,0
16112,all_crop/person16112_2008_004745.jpg,1,0
16254,all_crop/person16254_2008_005726.jpg,1,0
16591,all_crop/person16591_2008_008246.jpg,1,0
7533,all_crop/chair7533_2009_001426.jpg,1,0
4560,all_crop/car4560_2008_005612.jpg,1,0
475,all_crop/aeroplane475_2009_000417.jpg,1,0
4858,all_crop/car4858_2010_000711.jpg,1,0
11331,all_crop/motorbike11331_2008_003334.jpg,1,0
2951,all_crop/bottle2951_2008_002606.jpg,1,0
14839,all_crop/person14839_2008_000714.jpg,1,0
8920,all_crop/diningtable8920_2010_002639.jpg,1,0
2589,all_crop/boat2589_2009_004148.jpg,1,0
4933,all_crop/car4933_2010_003129.jpg,1,0
17139,all_crop/person17139_2009_004043.jpg,1,0
3074,all_crop/bottle3074_2009_001120.jpg,1,0
17171,all_crop/person17171_2009_004221.jpg,1,0
17066,all_crop/person17066_2009_003320.jpg,1,0
15999,all_crop/person15999_2008_004263.jpg,1,0
7427,all_crop/chair7427_2008_007768.jpg,1,0
7684,all_crop/chair7684_2009_003507.jpg,1,0
17602,all_crop/person17602_2010_002929.jpg,1,0
14742,all_crop/person14742_2008_000446.jpg,1,0
7344,all_crop/chair7344_2008_006008.jpg,1,0
19695,all_crop/sofa19695_2010_000284.jpg,1,0
7434,all_crop/chair7434_2008_007922.jpg,1,0
16277,all_crop/person16277_2008_005869.jpg,1,0
18589,all_crop/pottedplant18589_2010_001843.jpg,1,0
485,all_crop/aeroplane485_2009_001195.jpg,1,0
11319,all_crop/motorbike11319_2008_002374.jpg,1,0
17402,all_crop/person17402_2010_001241.jpg,1,0
20041,all_crop/train20041_2008_005825.jpg,1,0
435,all_crop/aeroplane435_2008_007507.jpg,1,0
18296,all_crop/pottedplant18296_2008_000391.jpg,1,0
16450,all_crop/person16450_2008_007084.jpg,1,0
16527,all_crop/person16527_2008_007757.jpg,1,0
16227,all_crop/person16227_2008_005588.jpg,1,0
15291,all_crop/person15291_2008_001969.jpg,1,0
7317,all_crop/chair7317_2008_005191.jpg,1,0
15559,all_crop/person15559_2008_002753.jpg,1,0
17490,all_crop/person17490_2010_002017.jpg,1,0
